Call: 
betaMPT(eqnfile = "cat_rank.eqn", data = "allow_indi.csv", transformedParameters = list("deltal=lm-le", 
    "deltat3 =t3m-t3e", "deltat1 = t1m-t1e"), n.iter = 1e+05, 
    n.burnin = 50000, n.thin = 100, n.chains = 4, parEstFile = "results_fit_betaMPT.txt")

Group-level means of MPT parameters:
          Mean    SD  2.5%   50% 97.5% Time-series SE n.eff  Rhat R_95%
mean_le  0.695 0.023 0.649 0.696 0.738          0.001  1914 1.000 1.002
mean_lm  0.462 0.027 0.408 0.462 0.512          0.001  2112 1.000 1.002
mean_t1e 0.048 0.015 0.023 0.046 0.082          0.000  1770 1.002 1.004
mean_t1m 0.447 0.036 0.375 0.448 0.514          0.001  2049 1.000 1.002
mean_t3e 0.041 0.014 0.019 0.040 0.073          0.000  1896 1.001 1.004
mean_t3m 0.086 0.017 0.056 0.085 0.122          0.000  2280 1.001 1.002

Standard deviation of parameters across individuals:
        Mean    SD  2.5%   50% 97.5% Time-series SE n.eff  Rhat R_95%
sd_le  0.107 0.024 0.065 0.106 0.160          0.001   582 1.005 1.017
sd_lm  0.191 0.025 0.143 0.192 0.237          0.001  1555 1.003 1.006
sd_t1e 0.037 0.011 0.020 0.036 0.061          0.000  1712 1.001 1.004
sd_t1m 0.206 0.039 0.117 0.209 0.270          0.001   727 1.012 1.033
sd_t3e 0.033 0.010 0.017 0.032 0.056          0.000  1844 1.003 1.008
sd_t3m 0.055 0.014 0.032 0.053 0.085          0.000  1230 1.002 1.009

Alpha parameters of beta distributions:
            Mean    SD  2.5%    50%  97.5% Time-series SE n.eff  Rhat R_95%
alpha_le  14.346 7.473 5.008 12.481 33.758          0.360   432 1.015 1.034
alpha_lm   2.858 1.045 1.556  2.661  5.163          0.028  1372 1.009 1.014
alpha_t1e  1.615 0.632 1.015  1.431  3.245          0.016  1476 1.002 1.006
alpha_t1m  2.575 1.901 1.063  2.041  8.249          0.099   371 1.071 1.119
alpha_t3e  1.486 0.524 1.011  1.309  2.845          0.014  1490 1.002 1.004
alpha_t3m  2.470 1.274 1.052  2.118  5.774          0.045   820 1.006 1.018

Beta parameters of beta distributions:
           Mean     SD   2.5%    50%  97.5% Time-series SE n.eff  Rhat R_95%
beta_le   6.286  3.327  2.210  5.473 15.225          0.160   434 1.012 1.028
beta_lm   3.341  1.260  1.806  3.082  6.047          0.035  1327 1.011 1.015
beta_t1e 34.295 13.796 15.686 31.607 69.292          0.312  1959 1.002 1.006
beta_t1m  3.174  2.311  1.270  2.553  9.260          0.109   448 1.069 1.115
beta_t3e 37.214 14.342 16.892 34.604 70.639          0.335  1829 1.006 1.014
beta_t3m 26.621 13.002 10.521 23.337 59.464          0.443   860 1.006 1.017


##############
 Model fit statistics (posterior predictive p-values):
Use PPP(fittedModel) to get T1 and T2 posterior predictive checks.

Transformed parameters:
          Mean    SD   2.5%    50%  97.5% Time-series SE n.eff  Rhat R_95%
deltal  -0.234 0.036 -0.306 -0.234 -0.165          0.001  2000 1.001 1.004
deltat3  0.045 0.022  0.001  0.044  0.086          0.000  2127 1.001 1.005
deltat1  0.400 0.039  0.322  0.400  0.475          0.001  2143 0.999 1.000


#################################
#### Individual Parameter Estimates
Parameter  le 
    Statistic
ID        Mean         SD      2.5%       50%     97.5% Time-series SE n.eff      Rhat     R_95%
  1  0.7327657 0.09121460 0.5466405 0.7407600 0.8940824    0.002100916  1885 0.9996577 1.0004438
  2  0.6476173 0.09773566 0.4437965 0.6542310 0.8244925    0.002178367  2013 1.0017060 1.0061813
  3  0.7277902 0.09102856 0.5359556 0.7298795 0.8914038    0.001867867  2375 1.0016073 1.0050400
  4  0.6472958 0.09929052 0.4382638 0.6538920 0.8198565    0.002305966  1854 0.9995396 0.9999150
  5  0.7744485 0.08970008 0.5893733 0.7799820 0.9342501    0.002108985  1809 0.9998463 1.0010638
  6  0.6918557 0.09599909 0.4880860 0.6998460 0.8661821    0.002185186  1930 1.0019329 1.0030332
  7  0.6882582 0.09301909 0.4882434 0.6931235 0.8532974    0.002123967  1918 1.0001972 1.0019040
  8  0.6860234 0.09384444 0.4912984 0.6912560 0.8542231    0.002108465  1981 1.0011350 1.0043000
  9  0.6897974 0.09280067 0.4880977 0.6963385 0.8567716    0.002038222  2073 1.0006075 1.0020726
  10 0.6463695 0.09557766 0.4395509 0.6494310 0.8176873    0.002081714  2108 0.9994023 0.9999199
  11 0.5988868 0.10744104 0.3539636 0.6099570 0.7850438    0.002517765  1821 1.0015325 1.0022110
  12 0.6430556 0.09821612 0.4281713 0.6486295 0.8195927    0.002226442  1946 1.0009497 1.0024748
  13 0.6437381 0.09920976 0.4159291 0.6536835 0.8117824    0.002385926  1729 0.9992835 0.9995785
  14 0.7738469 0.09016040 0.5869960 0.7771340 0.9371734    0.002089421  1862 1.0000509 1.0021854
  15 0.6450038 0.09930033 0.4334100 0.6500100 0.8223459    0.002218759  2003 1.0024758 1.0057682
  16 0.6059122 0.10453180 0.3828611 0.6140880 0.7955173    0.002523421  1716 0.9997619 1.0006455
  17 0.7738573 0.08940296 0.5920100 0.7765430 0.9326633    0.002208996  1638 1.0001585 1.0023023
  18 0.7726224 0.08983767 0.5850131 0.7763975 0.9378120    0.002041238  1937 0.9998427 1.0008081
  19 0.7310834 0.09298654 0.5425905 0.7346515 0.9009807    0.002079242  2000 1.0005722 1.0030078
  20 0.7728981 0.08919020 0.5857868 0.7754890 0.9367075    0.002113417  1781 1.0001275 1.0022826
  21 0.6459217 0.10221121 0.4245533 0.6535825 0.8200223    0.002285512  2000 1.0021750 1.0059639
  22 0.6449704 0.09786344 0.4450063 0.6493625 0.8170167    0.002399075  1664 1.0019423 1.0038362
  23 0.7305378 0.09318073 0.5292530 0.7383590 0.8945084    0.002083585  2000 1.0019356 1.0064632
  24 0.6901910 0.09441300 0.4940675 0.6928755 0.8645242    0.002122310  1979 0.9997020 0.9998705
  25 0.6858299 0.09788841 0.4709833 0.6892755 0.8537872    0.002168881  2037 0.9995651 1.0004225
  26 0.5611090 0.11221779 0.3236292 0.5711535 0.7491507    0.002838456  1563 1.0008401 1.0029695
  27 0.7727650 0.09008026 0.5881247 0.7758750 0.9372906    0.002212266  1658 1.0016461 1.0070751
  28 0.7307443 0.09148648 0.5379142 0.7359000 0.8912301    0.002015199  2061 0.9994689 0.9997437
  29 0.6850725 0.09401769 0.4832850 0.6917515 0.8553276    0.002102299  2000 0.9995091 1.0004720
  30 0.7745883 0.08869562 0.5946081 0.7781530 0.9300380    0.002081346  1816 1.0015791 1.0042720
  31 0.7329300 0.09214572 0.5387544 0.7383485 0.8931549    0.002013663  2094 1.0010398 1.0028748
  32 0.7340440 0.09076154 0.5424366 0.7401880 0.8901084    0.002029490  2000 1.0007948 1.0044723
  33 0.6901712 0.09607959 0.4825031 0.6955580 0.8590942    0.002041015  2216 1.0002109 1.0019033
  34 0.6464462 0.09930166 0.4393084 0.6535105 0.8225856    0.002255691  1938 1.0008107 1.0034129
  35 0.7758085 0.08937046 0.5850984 0.7815985 0.9322269    0.002103562  1805 0.9998090 1.0001393
  36 0.6442145 0.09682175 0.4239850 0.6492575 0.8154421    0.002165000  2000 0.9994316 0.9999369
  37 0.6912793 0.09419658 0.4797938 0.6961690 0.8567889    0.002134775  1947 0.9998175 1.0014351
  38 0.6852255 0.09637497 0.4848664 0.6914225 0.8594309    0.002123910  2059 1.0012531 1.0050686
  39 0.6884215 0.09629093 0.4898415 0.6928825 0.8650535    0.002041364  2225 1.0003761 1.0011554
  40 0.7289189 0.08794731 0.5454201 0.7325335 0.8934151    0.002038134  1862 1.0005803 1.0031105
  41 0.6001376 0.10593343 0.3739249 0.6066355 0.7883406    0.002438637  1887 1.0002606 1.0020811
  42 0.6461989 0.09914917 0.4317911 0.6533790 0.8313162    0.002149836  2127 1.0002456 1.0024385
  43 0.7340069 0.09126107 0.5421933 0.7369845 0.9036947    0.002142137  1815 0.9992190 0.9995080
  44 0.6923917 0.09238995 0.5037758 0.6959120 0.8671522    0.002178257  1799 1.0014224 1.0053315
  45 0.6472920 0.10024065 0.4336828 0.6531855 0.8268458    0.002261899  1964 0.9998351 1.0004836
  46 0.7315961 0.09575799 0.5309476 0.7365370 0.9018264    0.002150372  1983 0.9997775 0.9999293
  47 0.7721314 0.08876881 0.5898062 0.7779370 0.9277761    0.002056068  1864 0.9998829 1.0004635
  48 0.6470805 0.09572455 0.4435689 0.6549485 0.8178102    0.002164407  1956 1.0023571 1.0087627
  49 0.7719989 0.08846027 0.5873243 0.7755975 0.9296647    0.002134829  1717 1.0018399 1.0074984
  50 0.7309352 0.09098251 0.5426884 0.7342465 0.8939062    0.002101151  1875 1.0041015 1.0138850
  51 0.6489938 0.09682253 0.4435009 0.6536970 0.8188168    0.002214859  1911 1.0025827 1.0093709
  52 0.6001712 0.10671292 0.3693541 0.6097455 0.7829656    0.002654583  1616 1.0018766 1.0073047
  53 0.7721312 0.08836931 0.6030094 0.7739210 0.9343053    0.002030004  1895 1.0001216 1.0020593
  54 0.7747308 0.08682438 0.5977255 0.7760505 0.9351128    0.002012651  1861 1.0019487 1.0073276
  55 0.7747452 0.09115552 0.5801664 0.7753335 0.9385228    0.002104025  1877 1.0060492 1.0196878
  56 0.7340337 0.09105605 0.5364865 0.7387555 0.8924148    0.002099493  1881 1.0004688 1.0013663
  57 0.7748092 0.08923618 0.5943475 0.7788575 0.9360294    0.002218461  1618 1.0032765 1.0097945
  58 0.6889938 0.09882550 0.4726140 0.6919080 0.8630005    0.002190720  2035 1.0014858 1.0046461
  59 0.7301504 0.09214618 0.5402776 0.7371325 0.8949122    0.002083497  1956 1.0010773 1.0050174
  60 0.6877430 0.09511390 0.4872874 0.6927345 0.8587177    0.002010097  2239 1.0008340 1.0037546
  61 0.6477880 0.09983550 0.4416555 0.6523215 0.8298600    0.002317373  1856 1.0022016 1.0077312
  62 0.6861968 0.09590790 0.4888807 0.6893915 0.8617006    0.002106976  2072 1.0001169 1.0014735
  63 0.6859895 0.09591276 0.4778220 0.6921480 0.8541578    0.002026527  2240 1.0000954 1.0004501
  64 0.7324600 0.09296362 0.5397726 0.7371660 0.9034270    0.002082900  1992 0.9998388 1.0011019
  65 0.6881959 0.09494320 0.4814196 0.6913605 0.8636485    0.002104659  2035 1.0007125 1.0038560
  66 0.6015826 0.10458927 0.3787008 0.6093470 0.7783441    0.002384430  1924 1.0004686 1.0029415
  67 0.6859902 0.09457355 0.4794626 0.6916390 0.8579373    0.002114729  2000 1.0007637 1.0024524
  68 0.6885555 0.09708940 0.4862436 0.6922685 0.8599249    0.002170985  2000 0.9999971 1.0009853
  69 0.7753186 0.08636714 0.5981045 0.7796905 0.9320113    0.002015088  1837 1.0003644 1.0030384
  70 0.6435458 0.09846293 0.4333893 0.6510675 0.8170442    0.002201698  2000 1.0023923 1.0085192
  71 0.7765282 0.08859570 0.5992183 0.7798590 0.9375196    0.001981060  2000 1.0003167 1.0026345
  72 0.6891253 0.09289002 0.4957018 0.6936805 0.8583021    0.002085443  1984 1.0009074 1.0039789
  73 0.7713743 0.08878285 0.5779601 0.7749945 0.9331219    0.002177778  1662 1.0016003 1.0066804
  74 0.7731316 0.08752594 0.5909802 0.7761665 0.9262202    0.002231092  1539 0.9995323 1.0003478
  75 0.6466676 0.09767957 0.4404887 0.6544990 0.8216712    0.002171730  2023 1.0026821 1.0076845
  76 0.6459042 0.09951323 0.4287836 0.6540120 0.8211840    0.002250072  1956 0.9995778 0.9998050
  77 0.6895415 0.09475723 0.4912042 0.6949075 0.8627571    0.002165915  1914 1.0018441 1.0048651
  78 0.7334919 0.09089181 0.5399841 0.7391495 0.9008975    0.002080280  1909 1.0002347 1.0024994
  79 0.7308396 0.08980569 0.5416768 0.7348340 0.8938684    0.002074527  1874 1.0014890 1.0048801
  80 0.6476565 0.10161142 0.4355688 0.6552035 0.8269306    0.002263066  2016 0.9993049 0.9997253
  81 0.6492905 0.09935893 0.4277482 0.6558140 0.8324156    0.002107353  2223 1.0005343 1.0029659
  82 0.6416249 0.09975020 0.4315599 0.6475075 0.8181890    0.002309800  1865 0.9998264 1.0006425
  83 0.7308332 0.09226352 0.5304724 0.7357325 0.8957182    0.002142768  1854 0.9999123 1.0002429
  84 0.6882541 0.09364710 0.4971070 0.6958190 0.8537824    0.002025779  2137 1.0004648 1.0025956
  85 0.7777146 0.08828119 0.5895138 0.7818375 0.9348776    0.001941301  2068 1.0011525 1.0039684
  86 0.6918349 0.09651102 0.4779276 0.6991040 0.8597158    0.002215865  1897 1.0006208 1.0028060
  87 0.6425025 0.10159577 0.4278367 0.6478435 0.8234053    0.002271750  2000 1.0033548 1.0108559
  88 0.6466498 0.09924218 0.4327069 0.6555020 0.8221577    0.002122615  2186 1.0019917 1.0063726
  89 0.6893910 0.09595175 0.4833410 0.6950795 0.8541475    0.002145546  2000 1.0001135 1.0015319
  90 0.6048934 0.10550221 0.3725401 0.6145225 0.7897272    0.002479832  1810 1.0010895 1.0051317
  91 0.6439846 0.10070898 0.4222525 0.6518500 0.8182707    0.002140807  2213 0.9994392 1.0000913
Parameter  lm 
    Statistic
ID        Mean        SD       2.5%       50%     97.5% Time-series SE n.eff      Rhat     R_95%
  1  0.6436518 0.1378832 0.36556577 0.6481600 0.8829359    0.003083162  2000 0.9994142 1.0001036
  2  0.3940559 0.1369052 0.14643950 0.3894110 0.6757703    0.003061293  2000 0.9997351 1.0001917
  3  0.6487353 0.1353203 0.37480432 0.6530795 0.8938114    0.003025854  2000 1.0014049 1.0056840
  4  0.4822204 0.1410074 0.21902110 0.4739670 0.7614714    0.002628888  2877 0.9997539 1.0010130
  5  0.3970610 0.1377672 0.14366132 0.3981525 0.6689237    0.003016399  2086 1.0003816 1.0026580
  6  0.7363825 0.1265904 0.46208190 0.7490540 0.9472879    0.002757182  2108 1.0000612 1.0020761
  7  0.5643662 0.1407853 0.28534875 0.5671415 0.8292543    0.002879774  2390 1.0000612 1.0021092
  8  0.3108443 0.1315591 0.08747098 0.3037195 0.5823329    0.002941750  2000 1.0016798 1.0070898
  9  0.4816340 0.1405474 0.22254158 0.4804820 0.7568734    0.003203372  1925 0.9999088 1.0016172
  10 0.4816650 0.1400712 0.21212460 0.4789810 0.7610501    0.003132088  2000 1.0018872 1.0060443
  11 0.3132390 0.1318806 0.08590357 0.3033880 0.5933224    0.003034346  1889 0.9992474 0.9992638
  12 0.3153258 0.1332188 0.09093370 0.3028460 0.6131971    0.002776597  2302 1.0002312 1.0021559
  13 0.3120129 0.1285847 0.08542020 0.3037820 0.5899832    0.002673631  2313 0.9998166 1.0007880
  14 0.7319905 0.1306227 0.45791258 0.7448535 0.9436095    0.002966401  1939 1.0002561 1.0025282
  15 0.5639936 0.1385633 0.29731755 0.5650510 0.8348718    0.003125842  1965 1.0022355 1.0088952
  16 0.3958780 0.1363710 0.14145908 0.3891755 0.6753345    0.003049348  2000 0.9996925 1.0002314
  17 0.5603848 0.1415969 0.27208180 0.5642605 0.8239700    0.003166203  2000 1.0032642 1.0101936
  18 0.7293317 0.1324742 0.44964348 0.7416260 0.9411541    0.003039967  1899 1.0008007 1.0040313
  19 0.6483763 0.1336239 0.37333140 0.6567915 0.8811484    0.003039263  1933 0.9996515 1.0009846
  20 0.3986173 0.1397288 0.13693568 0.3922145 0.6848181    0.003124431  2000 1.0007546 1.0043529
  21 0.4794250 0.1408993 0.20305150 0.4779910 0.7578399    0.003141196  2012 1.0035734 1.0124496
  22 0.5654109 0.1429817 0.28694423 0.5691200 0.8315620    0.003109033  2115 1.0000973 1.0012905
  23 0.3938535 0.1325443 0.15089297 0.3893345 0.6636249    0.003070822  1863 1.0008521 1.0033674
  24 0.3105892 0.1304297 0.09078867 0.3036285 0.5782467    0.002916497  2000 1.0007876 1.0030846
  25 0.4806461 0.1420533 0.22044807 0.4804425 0.7585660    0.002853649  2478 1.0013460 1.0057227
  26 0.3095826 0.1318367 0.08679364 0.2967155 0.5864383    0.002876228  2101 0.9995736 1.0002856
  27 0.5612604 0.1361968 0.29012288 0.5631520 0.8071263    0.002871918  2249 0.9999221 1.0009098
  28 0.6480608 0.1344325 0.37778490 0.6553945 0.8869096    0.003006001  2000 0.9997782 1.0008097
  29 0.3135576 0.1297399 0.08489143 0.3104530 0.5783589    0.002901073  2000 1.0014454 1.0048470
  30 0.3123183 0.1334805 0.07979989 0.3059095 0.5997685    0.002978022  2009 1.0018331 1.0050178
  31 0.6472020 0.1358866 0.36371398 0.6580995 0.8899641    0.003121564  1895 0.9999698 1.0017884
  32 0.6468754 0.1407201 0.35637022 0.6580090 0.8977125    0.003254134  1870 1.0011917 1.0043793
  33 0.3937504 0.1366558 0.14047482 0.3898350 0.6692120    0.002858182  2286 1.0006562 1.0029806
  34 0.3102302 0.1308138 0.08898213 0.3042930 0.5887771    0.002996346  1906 1.0019603 1.0075289
  35 0.7328867 0.1284408 0.46419335 0.7453820 0.9502259    0.002752795  2177 1.0002392 1.0014971
  36 0.3135006 0.1311403 0.09417524 0.3057080 0.5952496    0.002966701  1954 1.0013830 1.0056590
  37 0.3996648 0.1349705 0.15405120 0.3970660 0.6671661    0.003053350  1954 0.9999995 1.0019889
  38 0.2318447 0.1238570 0.03707858 0.2134705 0.5105169    0.002753059  2024 0.9997978 1.0009848
  39 0.6487762 0.1398568 0.36513333 0.6573020 0.8877501    0.003126511  2001 1.0013384 1.0052133
  40 0.4837131 0.1414566 0.22142877 0.4837065 0.7586678    0.003105376  2075 1.0008134 1.0041938
  41 0.3133893 0.1306863 0.08862464 0.3058850 0.5918496    0.002873788  2068 1.0012991 1.0049401
  42 0.5630653 0.1454790 0.26877333 0.5704920 0.8254425    0.003253010  2000 1.0002768 1.0025568
  43 0.3912740 0.1370539 0.14230865 0.3836470 0.6754327    0.002935372  2180 0.9994650 0.9999997
  44 0.4009850 0.1406379 0.14449540 0.3904625 0.6857585    0.003100883  2057 0.9994951 1.0003597
  45 0.4842512 0.1468347 0.20751397 0.4816840 0.7668608    0.003356277  1914 0.9995723 1.0001905
  46 0.3106098 0.1306973 0.09013743 0.2984220 0.5934204    0.002922480  2000 1.0003593 1.0025625
  47 0.4794003 0.1396273 0.20570665 0.4820255 0.7498818    0.002869930  2367 1.0022567 1.0084650
  48 0.3112683 0.1319531 0.08933716 0.3028150 0.5933915    0.002722565  2349 1.0016263 1.0056674
  49 0.5650779 0.1376930 0.29501565 0.5706695 0.8149157    0.002621417  2759 1.0013461 1.0054786
  50 0.7360417 0.1259271 0.46783820 0.7463590 0.9466254    0.002864940  1932 0.9997681 1.0008248
  51 0.3128395 0.1305525 0.09126941 0.3052325 0.5885066    0.002756580  2243 0.9997851 1.0011258
  52 0.3162683 0.1304432 0.09621195 0.3050105 0.5895198    0.002916799  2000 1.0023571 1.0081884
  53 0.6519407 0.1359010 0.38112390 0.6603355 0.8997259    0.003245875  1753 1.0004453 1.0020224
  54 0.3991282 0.1369522 0.15129775 0.3976195 0.6847533    0.003113355  1935 1.0002441 1.0027163
  55 0.3082795 0.1288159 0.08555326 0.3026405 0.5751285    0.002880411  2000 1.0010448 1.0041830
  56 0.3955134 0.1385550 0.14765417 0.3898730 0.6797468    0.003178671  1900 1.0014729 1.0058789
  57 0.3155277 0.1324942 0.08979238 0.3056920 0.6056281    0.002962661  2000 1.0016171 1.0067712
  58 0.4824685 0.1365835 0.22604815 0.4811050 0.7509267    0.003054099  2000 1.0011919 1.0054132
  59 0.6481957 0.1371058 0.37733885 0.6531405 0.8950785    0.002911220  2218 1.0003102 1.0018062
  60 0.4846223 0.1398099 0.22663188 0.4810975 0.7589757    0.003126245  2000 1.0007266 1.0039972
  61 0.4869475 0.1400267 0.21568153 0.4868330 0.7449937    0.003131092  2000 0.9997324 1.0010636
  62 0.3994759 0.1417536 0.13887390 0.3952410 0.6776458    0.003146198  2030 1.0003764 1.0028669
  63 0.3119534 0.1327928 0.08695202 0.3079505 0.5911125    0.002825378  2209 1.0002432 1.0015935
  64 0.3128628 0.1317583 0.08777967 0.3044820 0.5863705    0.002946205  2000 0.9995236 1.0005147
  65 0.6515634 0.1365447 0.37201862 0.6597525 0.8923473    0.002982492  2096 0.9998269 1.0006680
  66 0.3143114 0.1284612 0.08682292 0.3082365 0.5797538    0.002856810  2022 1.0013411 1.0060110
  67 0.5620350 0.1383849 0.29390553 0.5644020 0.8279290    0.002945025  2208 1.0033938 1.0102967
  68 0.4007197 0.1351786 0.14870522 0.3938725 0.6641954    0.003022685  2000 1.0011141 1.0048787
  69 0.7363522 0.1280007 0.46103368 0.7489505 0.9400424    0.002739589  2183 1.0001512 1.0016774
  70 0.4840089 0.1383745 0.22206840 0.4826355 0.7476335    0.003094148  2000 1.0002428 1.0025024
  71 0.3998949 0.1383351 0.14309485 0.3940975 0.6809554    0.003093267  2000 1.0021918 1.0080268
  72 0.3978416 0.1379375 0.14846080 0.3940200 0.6691997    0.003084376  2000 0.9992190 0.9994976
  73 0.3084784 0.1284796 0.08894898 0.2990270 0.5778366    0.002816425  2081 0.9998302 1.0000629
  74 0.4845908 0.1434929 0.21204700 0.4795900 0.7645606    0.003208599  2000 0.9998396 1.0001965
  75 0.5679349 0.1431926 0.28713840 0.5656350 0.8354593    0.003060538  2189 0.9998753 1.0012203
  76 0.3096844 0.1299213 0.09512914 0.2973500 0.5824212    0.002905128  2000 1.0011986 1.0055034
  77 0.3118460 0.1313434 0.08856781 0.3031085 0.5882180    0.002823448  2164 1.0019198 1.0061465
  78 0.3118994 0.1334062 0.08700509 0.3008045 0.6060997    0.002983054  2000 0.9992919 0.9996154
  79 0.3143208 0.1294852 0.09363392 0.3061345 0.5865952    0.002833028  2089 0.9999858 1.0013246
  80 0.5638593 0.1414629 0.28460357 0.5670405 0.8291238    0.003233491  1914 1.0006949 1.0028682
  81 0.3135425 0.1292309 0.09154524 0.3059645 0.5892480    0.002801435  2128 0.9997762 1.0001528
  82 0.6479254 0.1369595 0.37526445 0.6550175 0.8877061    0.003146209  1895 1.0010308 1.0049224
  83 0.6515890 0.1376250 0.36890690 0.6598970 0.8916305    0.003156503  1901 1.0007779 1.0043224
  84 0.3117486 0.1338113 0.08582703 0.3020275 0.6067498    0.002992113  2000 1.0003209 1.0027528
  85 0.6465833 0.1393962 0.36517850 0.6524200 0.8983029    0.002900941  2309 0.9998597 1.0002811
  86 0.5670554 0.1400969 0.29268692 0.5710790 0.8325220    0.002946961  2260 1.0014323 1.0046610
  87 0.3122409 0.1276849 0.09124443 0.3031430 0.5786747    0.002855121  2000 1.0002696 1.0023801
  88 0.5671464 0.1363677 0.29526533 0.5713605 0.8345762    0.002948533  2139 1.0027316 1.0103181
  89 0.3967082 0.1363360 0.14757635 0.3964060 0.6603779    0.003138519  1887 1.0013830 1.0057678
  90 0.3137083 0.1331678 0.08804662 0.3008810 0.5980043    0.003125797  1815 1.0046132 1.0158628
  91 0.3105635 0.1285656 0.09212518 0.2990550 0.5791005    0.002898830  1967 1.0011875 1.0045369
Parameter  t1e 
    Statistic
ID         Mean         SD        2.5%        50%     97.5% Time-series SE n.eff      Rhat     R_95%
  1  0.04598921 0.03965457 0.002924011 0.03565740 0.1478046   0.0008867031  2000 1.0041442 1.0082258
  2  0.04374917 0.03794383 0.002314886 0.03366435 0.1431088   0.0008484499  2000 1.0012353 1.0028500
  3  0.04624834 0.03801915 0.003238931 0.03523500 0.1448814   0.0008501340  2000 1.0003227 1.0021389
  4  0.04291699 0.03620034 0.002070816 0.03385625 0.1404002   0.0008094642  2000 1.0024813 1.0043174
  5  0.04835605 0.04142648 0.002842478 0.03732305 0.1543331   0.0009068110  2087 1.0016074 1.0050546
  6  0.04593712 0.04000532 0.002132345 0.03580420 0.1505831   0.0008542765  2193 1.0004446 1.0005805
  7  0.07491618 0.05143748 0.011111783 0.06227950 0.1998782   0.0012087053  1811 1.0008957 1.0034652
  8  0.07472579 0.05003414 0.012710188 0.06373610 0.2096576   0.0011187975  2000 1.0014319 1.0019393
  9  0.04565951 0.03837113 0.002655832 0.03518090 0.1465234   0.0008193799  2193 1.0006818 1.0025962
  10 0.04441295 0.03923603 0.002726371 0.03387540 0.1418083   0.0008657346  2054 1.0017269 1.0039716
  11 0.04106747 0.03567026 0.002245456 0.03236395 0.1320536   0.0008115266  1932 1.0017214 1.0042692
  12 0.04363534 0.03658014 0.002477471 0.03387690 0.1394088   0.0008038135  2071 1.0009566 1.0024249
  13 0.04267548 0.03604239 0.002159786 0.03284545 0.1335109   0.0008700715  1716 1.0035653 1.0110003
  14 0.04611535 0.03847204 0.002820640 0.03590010 0.1460003   0.0008602610  2000 1.0018185 1.0021617
  15 0.04355475 0.03684982 0.002428289 0.03369815 0.1398943   0.0008239871  2000 1.0008084 1.0025310
  16 0.04225444 0.03470609 0.002450786 0.03315145 0.1363273   0.0007706758  2028 0.9991812 0.9995580
  17 0.04857005 0.04111815 0.002799023 0.03784840 0.1593655   0.0008957798  2107 1.0045887 1.0118783
  18 0.04809509 0.04073794 0.002332237 0.03750675 0.1517347   0.0009109281  2000 1.0019705 1.0024833
  19 0.04660554 0.04022054 0.002882054 0.03551070 0.1526657   0.0009477439  1801 1.0015310 1.0048135
  20 0.04747602 0.03976821 0.002793339 0.03638220 0.1482762   0.0009047580  1932 1.0001728 1.0010464
  21 0.04341426 0.03648773 0.002982988 0.03394030 0.1380170   0.0007945268  2109 1.0028809 1.0063735
  22 0.04240208 0.03581814 0.002472788 0.03303375 0.1355104   0.0008433052  1804 1.0008750 1.0009159
  23 0.04688658 0.04052699 0.002409295 0.03637735 0.1482088   0.0008907569  2070 1.0032939 1.0051260
  24 0.04396538 0.03876807 0.002556420 0.03370180 0.1488890   0.0008668804  2000 1.0000715 1.0017756
  25 0.04449239 0.03754987 0.002631865 0.03424655 0.1419732   0.0008396406  2000 1.0034429 1.0058805
  26 0.04264770 0.03600091 0.002222875 0.03275975 0.1362309   0.0007848570  2104 0.9996909 1.0001105
  27 0.04763163 0.04079621 0.002645971 0.03676675 0.1519551   0.0009122311  2000 1.0023666 1.0029359
  28 0.04553248 0.03873247 0.002282573 0.03480445 0.1462567   0.0008013805  2336 1.0014278 1.0022375
  29 0.04821058 0.04156415 0.002500218 0.03714180 0.1602430   0.0009139946  2068 1.0018643 1.0050744
  30 0.04706164 0.04030004 0.002095298 0.03683610 0.1521561   0.0008796284  2099 1.0035746 1.0070489
  31 0.04626626 0.03821193 0.002681587 0.03642105 0.1403286   0.0009517359  1612 1.0018149 1.0034414
  32 0.04743638 0.04093707 0.002461571 0.03637605 0.1552833   0.0009153808  2000 0.9992422 0.9996209
  33 0.04448058 0.03986206 0.002190413 0.03451985 0.1455095   0.0009377362  1807 1.0020344 1.0064035
  34 0.04249562 0.03614140 0.002196442 0.03186370 0.1347291   0.0007960969  2061 1.0003950 1.0009053
  35 0.04789882 0.04172254 0.002442774 0.03625365 0.1562427   0.0009472614  1940 1.0014799 1.0042340
  36 0.04288832 0.03694490 0.002522676 0.03332415 0.1367411   0.0008261130  2000 1.0001230 1.0011643
  37 0.04381133 0.03639211 0.002490968 0.03426715 0.1375886   0.0008277349  1933 1.0004807 1.0012174
  38 0.04411747 0.03807872 0.002180182 0.03385065 0.1436360   0.0008810366  1868 0.9995190 1.0002036
  39 0.04614794 0.03909202 0.002369191 0.03662495 0.1452799   0.0008745615  1998 1.0025593 1.0066040
  40 0.04611820 0.03979401 0.002444038 0.03570085 0.1489668   0.0008898212  2000 1.0013714 1.0025007
  41 0.04345455 0.03729881 0.002300652 0.03348730 0.1438621   0.0008340268  2000 1.0052846 1.0119790
  42 0.04247097 0.03566246 0.002229535 0.03347060 0.1376765   0.0007952529  2011 1.0028144 1.0045324
  43 0.07514820 0.05113370 0.009844090 0.06445205 0.2012462   0.0011433844  2000 1.0044910 1.0103743
  44 0.04489424 0.03758167 0.002595505 0.03420330 0.1420123   0.0008403517  2000 1.0032031 1.0057582
  45 0.04316358 0.03671360 0.003017459 0.03291200 0.1389473   0.0008209411  2000 1.0007563 1.0042531
  46 0.04626097 0.03978389 0.002622319 0.03519835 0.1541755   0.0008268596  2315 1.0003427 1.0013220
  47 0.04696002 0.04121089 0.002606928 0.03682190 0.1576305   0.0009675944  1814 1.0019776 1.0029574
  48 0.04226302 0.03637705 0.002527658 0.03269545 0.1396439   0.0007900591  2120 1.0028625 1.0068911
  49 0.04963109 0.04311398 0.002771647 0.03757290 0.1632192   0.0009914536  1891 1.0000869 1.0014093
  50 0.07547450 0.04942809 0.011518058 0.06452725 0.1951914   0.0011052458  2000 1.0014022 1.0020699
  51 0.04337274 0.03659159 0.002583280 0.03422550 0.1421122   0.0008311979  1938 1.0091544 1.0217474
  52 0.04156005 0.03551407 0.002867548 0.03279255 0.1326983   0.0007941188  2000 1.0001567 1.0010793
  53 0.04811124 0.04193055 0.002567374 0.03785680 0.1507560   0.0009375956  2000 1.0018448 1.0024902
  54 0.04810560 0.04070782 0.002329535 0.03808555 0.1512932   0.0009102544  2000 1.0050550 1.0121730
  55 0.04695553 0.04113907 0.002336861 0.03562750 0.1592881   0.0009198975  2000 0.9998235 1.0003598
  56 0.04576170 0.04105147 0.002297851 0.03463715 0.1551519   0.0008832869  2160 1.0051003 1.0084204
  57 0.04750060 0.04316324 0.002271978 0.03606725 0.1596908   0.0010309155  1753 1.0016515 1.0025520
  58 0.04527308 0.03912403 0.002368325 0.03462310 0.1512191   0.0008980395  1898 1.0020165 1.0058868
  59 0.04621021 0.03902776 0.002315474 0.03519795 0.1440359   0.0008726872  2000 1.0004504 1.0018219
  60 0.04406233 0.03791107 0.002156327 0.03412385 0.1466651   0.0008874310  1825 1.0028548 1.0055678
  61 0.04329215 0.03663424 0.002319171 0.03400450 0.1358736   0.0008163143  2014 1.0030143 1.0086050
  62 0.04368697 0.03715304 0.002143876 0.03390655 0.1392494   0.0008409196  1952 1.0031989 1.0078327
  63 0.04425118 0.03754241 0.002730201 0.03406345 0.1403875   0.0008202195  2095 1.0030569 1.0083448
  64 0.04502056 0.03895086 0.002716677 0.03442810 0.1485345   0.0009048557  1853 1.0016158 1.0046953
  65 0.04452748 0.03760953 0.002100180 0.03384750 0.1377724   0.0008914313  1780 1.0047461 1.0067893
  66 0.04159758 0.03462898 0.001892279 0.03311580 0.1294263   0.0007743276  2000 1.0014323 1.0051772
  67 0.04410322 0.03814568 0.002380640 0.03368870 0.1396761   0.0008561801  1985 0.9997401 1.0000149
  68 0.04446642 0.03762251 0.001953585 0.03496665 0.1403256   0.0008414753  1999 1.0044913 1.0101049
  69 0.04715908 0.04078565 0.002379798 0.03588690 0.1550361   0.0008733324  2181 1.0039040 1.0060139
  70 0.04342560 0.03713558 0.002412579 0.03423650 0.1437249   0.0008303767  2000 0.9997297 1.0007600
  71 0.04732880 0.04061740 0.002580153 0.03698020 0.1521964   0.0009082327  2000 1.0024801 1.0065319
  72 0.04727043 0.04073759 0.002355222 0.03579650 0.1553857   0.0009593952  1803 1.0016268 1.0029674
  73 0.04885769 0.04255229 0.002774645 0.03782980 0.1615743   0.0009287882  2099 1.0025912 1.0035797
  74 0.04760556 0.04135025 0.002479353 0.03698370 0.1631355   0.0008854221  2181 1.0044796 1.0075216
  75 0.07141791 0.04808878 0.011533320 0.06070580 0.1949074   0.0010332716  2166 0.9993802 0.9995229
  76 0.04421874 0.03651605 0.002305063 0.03552005 0.1404440   0.0008430774  1876 1.0008995 1.0037825
  77 0.04534670 0.03901041 0.002285592 0.03594865 0.1486084   0.0008722994  2000 1.0009008 1.0025032
  78 0.04637080 0.03970811 0.002225687 0.03522110 0.1467473   0.0009073917  1915 1.0023782 1.0046695
  79 0.04654600 0.03898052 0.002855418 0.03631055 0.1433319   0.0008456063  2125 1.0007859 1.0028073
  80 0.04352468 0.03650320 0.002861510 0.03361250 0.1389097   0.0008162364  2000 1.0006129 1.0026986
  81 0.04291189 0.03854966 0.002648566 0.03251980 0.1419072   0.0008290728  2162 1.0041865 1.0096169
  82 0.04357923 0.03802772 0.002668010 0.03443385 0.1468591   0.0008669574  1924 1.0050322 1.0083504
  83 0.04598408 0.03915918 0.002469569 0.03608155 0.1483143   0.0008845157  1960 1.0001652 1.0006785
  84 0.04379348 0.03680158 0.002127007 0.03441580 0.1380294   0.0008255960  1987 1.0003717 1.0015126
  85 0.04735871 0.04051518 0.002580355 0.03742755 0.1535651   0.0009027927  2014 1.0027649 1.0050891
  86 0.04459525 0.03731361 0.002403303 0.03517605 0.1422926   0.0008495740  1929 1.0012037 1.0033824
  87 0.04556113 0.03895748 0.002234159 0.03488575 0.1491956   0.0008914031  1910 1.0067532 1.0101009
  88 0.04275014 0.03549442 0.002344907 0.03377770 0.1351178   0.0007936793  2000 1.0003128 1.0016298
  89 0.04449588 0.03819745 0.002345711 0.03426525 0.1471544   0.0008807244  1881 1.0002313 1.0013961
  90 0.04312040 0.03685597 0.002887450 0.03356975 0.1392393   0.0008450893  1902 1.0016753 1.0032393
  91 0.04420439 0.03757874 0.002982731 0.03405380 0.1387860   0.0008173154  2114 1.0010030 1.0020617
Parameter  t1m 
    Statistic
ID        Mean        SD       2.5%       50%     97.5% Time-series SE n.eff      Rhat     R_95%
  1  0.3729605 0.1908428 0.05752441 0.3664750 0.7705973    0.004362193  1914 0.9993229 0.9994809
  2  0.4706346 0.1539845 0.18137645 0.4662430 0.7692932    0.003572351  1858 1.0018232 1.0073912
  3  0.5449614 0.2000300 0.15817690 0.5373975 0.9210037    0.004544962  1937 1.0011479 1.0046986
  4  0.2803716 0.1551211 0.03520330 0.2641790 0.6099411    0.003468613  2000 1.0029148 1.0104276
  5  0.4617739 0.1612432 0.16952705 0.4622205 0.7843373    0.003556067  2056 1.0007355 1.0031849
  6  0.4512515 0.2138990 0.06507553 0.4429245 0.8752476    0.004819207  1970 0.9993322 0.9999347
  7  0.3128682 0.1678627 0.03520155 0.3052325 0.6738776    0.003847997  1903 1.0013656 1.0062466
  8  0.5225697 0.1531542 0.23845882 0.5242455 0.8125332    0.003343692  2098 0.9994165 0.9997042
  9  0.6671121 0.1634679 0.33330870 0.6772355 0.9508014    0.003849768  1803 0.9998044 1.0005832
  10 0.4644356 0.1810141 0.13322313 0.4640845 0.8168583    0.004071074  1977 1.0006550 1.0033736
  11 0.4199451 0.1500489 0.14046385 0.4113845 0.7256168    0.003441452  1901 1.0034077 1.0113256
  12 0.5817232 0.1598922 0.26985720 0.5852920 0.8764332    0.003712405  1855 0.9997699 1.0008215
  13 0.6261689 0.1495747 0.32778280 0.6318500 0.8955195    0.003629854  1698 1.0003302 1.0019245
  14 0.4505914 0.2147570 0.06762961 0.4461415 0.8617342    0.003805931  3184 1.0024307 1.0092938
  15 0.6068758 0.1830218 0.24750048 0.6083155 0.9303416    0.004263243  1843 0.9995360 1.0001980
  16 0.2419146 0.1424790 0.02706571 0.2294475 0.5477165    0.003664164  1512 1.0047533 1.0164772
  17 0.3151647 0.1670663 0.04403432 0.3015375 0.6613799    0.003690778  2049 1.0000442 1.0012362
  18 0.4417910 0.2156130 0.06967744 0.4353690 0.8682759    0.005011546  1851 1.0008293 1.0009672
  19 0.5482129 0.1977919 0.16646337 0.5488655 0.9094958    0.004347338  2070 0.9997086 1.0006929
  20 0.5872451 0.1584328 0.27436437 0.5904675 0.8809087    0.003542666  2000 1.0010240 1.0051622
  21 0.5292410 0.1718318 0.21656022 0.5258380 0.8596042    0.003585280  2297 1.0037522 1.0114744
  22 0.3228037 0.1678066 0.04708496 0.3130375 0.6829265    0.003412565  2418 1.0000493 1.0011642
  23 0.2743198 0.1516740 0.03289658 0.2575825 0.6032804    0.003693877  1686 1.0018726 1.0075648
  24 0.7264777 0.1455923 0.42801148 0.7384775 0.9681902    0.003902283  1392 1.0014265 1.0063815
  25 0.2769002 0.1567289 0.02392166 0.2621285 0.6068754    0.003788997  1711 1.0002966 1.0019512
  26 0.5326406 0.1682241 0.21436865 0.5330345 0.8544313    0.003663110  2109 1.0014367 1.0058931
  27 0.3139000 0.1706303 0.03631952 0.3070520 0.6638975    0.003835598  1979 0.9995925 1.0006831
  28 0.5444226 0.1951992 0.17795132 0.5405005 0.9266803    0.004440936  1932 0.9999158 1.0012925
  29 0.3566397 0.1513021 0.08341825 0.3499530 0.6644163    0.003327130  2068 1.0013137 1.0053518
  30 0.7255117 0.1473957 0.40975590 0.7422545 0.9585035    0.003629730  1649 1.0021548 1.0085722
  31 0.5528168 0.1968243 0.17501030 0.5522160 0.9190424    0.004247787  2147 1.0011632 1.0050177
  32 0.3597998 0.1910844 0.04778872 0.3433900 0.7618936    0.004286732  1987 1.0024636 1.0091980
  33 0.4709891 0.1578071 0.17881643 0.4688260 0.7767035    0.003414492  2136 1.0017349 1.0066576
  34 0.2231583 0.1349401 0.02202631 0.2074770 0.5234274    0.003075570  1925 1.0027817 1.0102320
  35 0.4498925 0.2166421 0.06038193 0.4395725 0.8688003    0.005012501  1868 1.0019341 1.0072129
  36 0.6995371 0.1556423 0.38356585 0.7108385 0.9610044    0.003756147  1717 1.0018171 1.0061657
  37 0.5842300 0.1612347 0.25910890 0.5849415 0.8850456    0.003727533  1871 1.0009107 1.0043258
  38 0.3236278 0.1427185 0.07857265 0.3168730 0.6182915    0.003090913  2132 0.9992786 0.9995465
  39 0.3645882 0.1874920 0.04879169 0.3552385 0.7387556    0.003860280  2359 1.0021245 1.0086188
  40 0.3644649 0.1874716 0.04394092 0.3608165 0.7487883    0.004266231  1931 1.0000227 1.0008124
  41 0.3648229 0.1568121 0.08199092 0.3580465 0.6841865    0.003499434  2008 1.0004316 1.0015870
  42 0.4646609 0.1762015 0.13399052 0.4634815 0.8113065    0.004099926  1847 0.9999713 1.0007048
  43 0.5839230 0.1632725 0.26136380 0.5903960 0.8827852    0.003339751  2390 1.0012637 1.0054473
  44 0.4721058 0.1626459 0.17087145 0.4649900 0.7852396    0.003636874  2000 0.9998615 1.0004215
  45 0.2794072 0.1610368 0.03210838 0.2617335 0.6433395    0.003906864  1699 1.0024368 1.0093709
  46 0.6945704 0.1570315 0.36230275 0.7088175 0.9571391    0.003862338  1653 1.0025656 1.0062981
  47 0.3959367 0.1665014 0.10359425 0.3882125 0.7413249    0.003724017  1999 1.0001420 1.0014953
  48 0.2169862 0.1363048 0.01710301 0.1952225 0.5164634    0.003521724  1498 1.0070174 1.0224395
  49 0.3238447 0.1731033 0.03797634 0.3142980 0.6867984    0.004045398  1831 1.0021264 1.0079507
  50 0.4428692 0.2106924 0.08014144 0.4329530 0.8714898    0.004534429  2159 0.9995616 1.0001618
  51 0.2489977 0.1454469 0.02458268 0.2317890 0.5624387    0.003631635  1604 1.0048473 1.0161382
  52 0.4266663 0.1530965 0.14277065 0.4246060 0.7219621    0.003175073  2325 1.0010237 1.0046060
  53 0.5494129 0.1983560 0.17450165 0.5530290 0.9178427    0.004435374  2000 1.0002069 1.0018983
  54 0.4039759 0.1690527 0.10808102 0.3971880 0.7518324    0.003836166  1942 1.0011265 1.0050793
  55 0.4342518 0.1514060 0.15827620 0.4286970 0.7449790    0.003168766  2283 1.0002342 1.0011561
  56 0.6944911 0.1547401 0.36655590 0.7057600 0.9581432    0.003571666  1877 1.0022803 1.0086026
  57 0.4243775 0.1492199 0.14498310 0.4198185 0.7247074    0.003412580  1912 1.0014856 1.0063059
  58 0.4058338 0.1676769 0.10467240 0.3950335 0.7427747    0.003749370  2000 1.0039404 1.0121990
  59 0.3723409 0.1902965 0.04819103 0.3576950 0.7733671    0.004461844  1819 0.9996606 1.0006597
  60 0.2800175 0.1590090 0.03278682 0.2635735 0.6229276    0.003590732  1961 1.0016201 1.0069099
  61 0.2750995 0.1549242 0.03422964 0.2565365 0.5984551    0.003471160  1992 0.9998551 1.0014330
  62 0.5822009 0.1639637 0.26268470 0.5830345 0.8823537    0.003666339  2000 1.0000839 1.0016687
  63 0.4020281 0.1669128 0.10450023 0.4012565 0.7416584    0.003853659  1876 1.0023925 1.0089677
  64 0.3219916 0.1479448 0.07074649 0.3127520 0.6274564    0.003308146  2000 1.0009993 1.0048823
  65 0.5519293 0.1927071 0.17570650 0.5528540 0.9158458    0.004246875  2059 0.9997260 1.0005749
  66 0.5816774 0.1631999 0.26982140 0.5814715 0.8853682    0.003707174  1938 0.9999182 1.0000523
  67 0.3131294 0.1682192 0.04547365 0.2960655 0.6745335    0.003614484  2166 1.0038418 1.0132681
  68 0.4675198 0.1617259 0.15849648 0.4660315 0.7894573    0.003616300  2000 0.9993751 0.9998964
  69 0.4428727 0.2150453 0.06485151 0.4328180 0.8771843    0.004953067  1885 1.0034271 1.0111997
  70 0.4065613 0.1673117 0.11319187 0.4013945 0.7368198    0.003489448  2299 1.0000818 1.0019763
  71 0.4707074 0.1574952 0.17378720 0.4666405 0.7850524    0.003531424  1989 1.0001235 1.0013133
  72 0.2732917 0.1574135 0.02927578 0.2583805 0.6066435    0.003429334  2107 1.0016470 1.0064174
  73 0.3206825 0.1435738 0.07723112 0.3068805 0.6237696    0.003340733  1847 1.0009272 1.0039270
  74 0.2708438 0.1566555 0.02686067 0.2504720 0.6072964    0.003479515  2027 1.0002419 1.0022555
  75 0.6160115 0.1792515 0.26978160 0.6159255 0.9374509    0.004294757  1742 0.9999495 1.0002291
  76 0.4733935 0.1624112 0.17890795 0.4697510 0.7907350    0.003631625  2000 1.0028285 1.0096814
  77 0.6244788 0.1510209 0.32353748 0.6307395 0.8999211    0.003440299  1927 1.0000083 1.0009495
  78 0.6258683 0.1512656 0.32782625 0.6283985 0.9014055    0.003487754  1881 1.0007891 1.0033505
  79 0.3609054 0.1603424 0.07869888 0.3528630 0.6878875    0.003672712  1906 1.0037052 1.0111456
  80 0.3121174 0.1688493 0.02962540 0.2956380 0.6596473    0.003775586  2000 1.0000860 1.0016541
  81 0.2761378 0.1553449 0.03251639 0.2637040 0.6167549    0.003715577  1748 1.0009729 1.0047843
  82 0.5486682 0.1941118 0.18113087 0.5518630 0.9175741    0.004340473  2000 0.9995830 1.0006023
  83 0.5456385 0.1929746 0.18743575 0.5420935 0.9155529    0.004242480  2069 1.0010878 1.0042620
  84 0.3179699 0.1416868 0.07249067 0.3104475 0.6188681    0.003168214  2000 1.0013229 1.0051278
  85 0.5488733 0.1945283 0.16540250 0.5499895 0.9199657    0.004488850  1878 1.0032395 1.0117205
  86 0.3169217 0.1718336 0.03480981 0.3043795 0.6841887    0.004006980  1839 1.0054499 1.0157193
  87 0.5868046 0.1583719 0.27647312 0.5889670 0.8800531    0.003693068  1839 1.0040097 1.0140700
  88 0.6170217 0.1840854 0.24621635 0.6265190 0.9425706    0.003830959  2309 1.0005230 1.0035962
  89 0.5777964 0.1604949 0.26488997 0.5815130 0.8743708    0.003669473  1913 1.0028348 1.0093468
  90 0.4733217 0.1609068 0.17097372 0.4682110 0.7946970    0.003597087  2001 1.0006542 1.0030295
  91 0.4250166 0.1491833 0.15432557 0.4193435 0.7280644    0.003335840  2000 1.0007384 1.0021986
Parameter  t3e 
    Statistic
ID         Mean         SD        2.5%        50%     97.5% Time-series SE n.eff      Rhat     R_95%
  1  0.03883779 0.03544990 0.001826255 0.02975810 0.1363086   0.0006554688  2925 0.9997397 1.0006073
  2  0.03742523 0.03463333 0.001562880 0.02717920 0.1298916   0.0007744249  2000 1.0028279 1.0069916
  3  0.03976395 0.03725824 0.001972394 0.02927270 0.1403584   0.0008277565  2026 1.0075606 1.0144377
  4  0.03764407 0.03270441 0.001795036 0.02896335 0.1223244   0.0007312928  2000 1.0030795 1.0040657
  5  0.04187533 0.03751458 0.001930332 0.03195800 0.1407302   0.0008530449  1934 0.9999990 1.0019312
  6  0.03953894 0.03522362 0.001936934 0.03010700 0.1282657   0.0007662743  2113 1.0015418 1.0027405
  7  0.03899021 0.03589928 0.002157669 0.02816160 0.1329140   0.0008017308  2005 1.0084298 1.0145830
  8  0.03947259 0.03575811 0.002272171 0.02999360 0.1331576   0.0008064599  1966 1.0003739 1.0006832
  9  0.03944302 0.03392027 0.002186833 0.02987170 0.1295295   0.0007127302  2265 0.9993362 0.9995346
  10 0.03770556 0.03378566 0.001976902 0.02856450 0.1265257   0.0007465647  2048 1.0053440 1.0079294
  11 0.03665447 0.03345063 0.002139823 0.02710430 0.1286019   0.0007598493  1938 1.0019128 1.0028721
  12 0.03836967 0.03265927 0.001887567 0.02980725 0.1254084   0.0007428318  1933 1.0024118 1.0045730
  13 0.03815221 0.03505074 0.002119959 0.02837075 0.1297127   0.0007837584  2000 1.0008282 1.0025294
  14 0.03981053 0.03561126 0.001912460 0.03028920 0.1331576   0.0007829015  2069 1.0007191 1.0019105
  15 0.03871049 0.03400740 0.001791908 0.02886800 0.1309800   0.0007874700  1865 1.0011943 1.0037552
  16 0.03702507 0.03338159 0.001878720 0.02746365 0.1232290   0.0007151191  2179 1.0023387 1.0038028
  17 0.04130172 0.03905658 0.001865274 0.03121500 0.1444525   0.0008557552  2083 1.0023551 1.0037419
  18 0.04131690 0.03767129 0.001714654 0.03152500 0.1386537   0.0008423556  2000 0.9996316 1.0002019
  19 0.03935325 0.03589821 0.001524416 0.02915860 0.1361481   0.0007816898  2109 1.0011476 1.0016272
  20 0.03927307 0.03522733 0.001497405 0.02928210 0.1310553   0.0007863321  2007 1.0003087 1.0011207
  21 0.03805002 0.03425084 0.001737297 0.02857205 0.1396743   0.0007463492  2106 1.0021800 1.0074045
  22 0.03812175 0.03422987 0.001769552 0.02810220 0.1237142   0.0007654031  2000 0.9998556 1.0001521
  23 0.04027359 0.03732450 0.002058452 0.03000575 0.1379172   0.0008945293  1741 1.0041210 1.0073554
  24 0.03652112 0.03163006 0.001640003 0.02722910 0.1217977   0.0007124537  1971 1.0012102 1.0033718
  25 0.03901237 0.03595183 0.001672387 0.02878580 0.1304395   0.0008035058  2002 1.0032497 1.0075199
  26 0.03362654 0.03074413 0.001472828 0.02603820 0.1123836   0.0007254527  1796 1.0046044 1.0104487
  27 0.04040958 0.03618422 0.002037415 0.03123245 0.1391628   0.0007676217  2222 1.0018341 1.0045443
  28 0.04048330 0.03668287 0.002419105 0.03011050 0.1393193   0.0007632333  2310 1.0024807 1.0031268
  29 0.09502407 0.05754631 0.020587905 0.08319660 0.2410011   0.0011481738  2512 1.0009168 1.0020081
  30 0.04213323 0.03818953 0.001993443 0.03115730 0.1436420   0.0008688419  1932 0.9993518 0.9998900
  31 0.03991624 0.03719683 0.001705119 0.02979800 0.1296825   0.0008914697  1741 1.0089909 1.0149268
  32 0.03963958 0.03554578 0.001881615 0.03001765 0.1305186   0.0007948279  2000 1.0036694 1.0073131
  33 0.03909786 0.03430592 0.002261569 0.03006720 0.1267106   0.0007671038  2000 1.0004000 1.0018025
  34 0.03859837 0.03308099 0.002066124 0.02978995 0.1240922   0.0007347703  2027 1.0013701 1.0031277
  35 0.04097060 0.03755413 0.001967424 0.03109380 0.1394794   0.0008260142  2067 1.0017692 1.0035817
  36 0.03767344 0.03395056 0.001680100 0.02789175 0.1252504   0.0007382301  2115 1.0000086 1.0006974
  37 0.03905125 0.03373668 0.001877487 0.03074640 0.1193982   0.0007495190  2026 1.0016899 1.0048192
  38 0.03853528 0.03302142 0.001891869 0.03028090 0.1245998   0.0007370925  2007 1.0015782 1.0018816
  39 0.03979548 0.03625624 0.001975698 0.02909895 0.1352800   0.0008393188  1866 1.0021380 1.0058831
  40 0.04063906 0.03689834 0.001860984 0.02997465 0.1405907   0.0008416473  1922 1.0030474 1.0053861
  41 0.06277709 0.04267446 0.008113796 0.05307180 0.1664331   0.0009580700  1984 0.9995341 1.0003788
  42 0.03747004 0.03342347 0.001817300 0.02814635 0.1230220   0.0008123123  1693 1.0037166 1.0058311
  43 0.04035024 0.03571686 0.002455504 0.03116435 0.1339177   0.0007986532  2000 1.0021743 1.0030526
  44 0.03820281 0.03396064 0.001674681 0.02903235 0.1268720   0.0007593831  2000 1.0003402 1.0007942
  45 0.03797261 0.03447926 0.001779740 0.02879650 0.1252502   0.0007567358  2076 1.0048724 1.0057913
  46 0.04048709 0.03713238 0.001942936 0.03048720 0.1413570   0.0008274144  2014 1.0024399 1.0044401
  47 0.04116768 0.03783712 0.001788475 0.03144040 0.1400659   0.0008675866  1902 1.0031899 1.0076164
  48 0.03674627 0.03328037 0.001489762 0.02834950 0.1234684   0.0007892638  1778 1.0017998 1.0039003
  49 0.04032444 0.03585955 0.001637699 0.03030065 0.1364894   0.0008283618  1874 1.0008684 1.0025704
  50 0.04000118 0.03558107 0.001581366 0.03037770 0.1297290   0.0007841350  2059 0.9994746 0.9999993
  51 0.03702419 0.03348544 0.001488343 0.02796590 0.1253364   0.0007303645  2102 1.0011811 1.0026969
  52 0.03711040 0.03348081 0.001829418 0.02816500 0.1218438   0.0007576085  1953 1.0017360 1.0017872
  53 0.04240312 0.03857129 0.001640199 0.03138145 0.1451131   0.0008475671  2071 1.0011916 1.0045973
  54 0.04164507 0.03711941 0.001824737 0.03196805 0.1384167   0.0008271253  2014 1.0067772 1.0143351
  55 0.04103253 0.03691593 0.001977854 0.03091150 0.1359250   0.0008173324  2040 1.0033608 1.0048949
  56 0.04025626 0.03667964 0.001694927 0.02987400 0.1311612   0.0009355955  1537 1.0013036 1.0030271
  57 0.04108561 0.03785002 0.002302505 0.03045110 0.1361435   0.0008463522  2000 1.0015510 1.0028139
  58 0.03847759 0.03457222 0.001883178 0.02844560 0.1291616   0.0007595082  2072 1.0036425 1.0102968
  59 0.04056646 0.03670115 0.001801569 0.03166205 0.1318377   0.0008027985  2090 1.0079358 1.0172183
  60 0.03908667 0.03474203 0.001791927 0.02942520 0.1285448   0.0008297825  1753 1.0014944 1.0031947
  61 0.03720566 0.03308880 0.001553330 0.02859485 0.1191332   0.0007398880  2000 1.0025083 1.0034502
  62 0.03739808 0.03296231 0.001749639 0.02816735 0.1216409   0.0007665654  1849 1.0000603 1.0011571
  63 0.03796770 0.03328531 0.001676219 0.02812250 0.1270106   0.0007582489  1927 1.0015132 1.0054636
  64 0.03975376 0.03559716 0.002040851 0.02953155 0.1292699   0.0008014045  1973 1.0010275 1.0023179
  65 0.03861968 0.03392524 0.001829990 0.03008510 0.1266811   0.0007836789  1874 1.0021379 1.0068418
  66 0.03752140 0.03255257 0.002123549 0.02811770 0.1207070   0.0007442654  1913 1.0037586 1.0075808
  67 0.03855421 0.03569415 0.001517600 0.02840735 0.1295234   0.0007872007  2056 1.0009388 1.0032185
  68 0.04011709 0.03501887 0.001891598 0.03032865 0.1300814   0.0008040230  1897 1.0014302 1.0048108
  69 0.04068752 0.03522589 0.001885481 0.03081385 0.1314090   0.0008022476  1928 1.0082849 1.0167069
  70 0.03902444 0.03516838 0.002063257 0.02941060 0.1365365   0.0007863888  2000 1.0035198 1.0072922
  71 0.04165650 0.03703928 0.002042896 0.03144360 0.1378583   0.0008698886  1813 1.0017107 1.0055278
  72 0.03856001 0.03475226 0.001896047 0.02853755 0.1290823   0.0007770843  2000 1.0021095 1.0049369
  73 0.04151127 0.03741903 0.002005836 0.03192635 0.1389881   0.0008367150  2000 1.0005557 1.0006757
  74 0.04147763 0.03764579 0.001868904 0.03098700 0.1396095   0.0008582502  1924 1.0002381 1.0012740
  75 0.03804539 0.03398654 0.002168395 0.02913215 0.1291817   0.0007788853  1904 1.0003354 1.0013291
  76 0.03700259 0.03224435 0.002052633 0.02834200 0.1236067   0.0007470457  1863 1.0023168 1.0058633
  77 0.03824222 0.03337394 0.001714598 0.02922800 0.1248574   0.0007462641  2000 1.0002677 1.0007896
  78 0.04084988 0.03583489 0.001864996 0.03149795 0.1338961   0.0007990979  2011 1.0039815 1.0087987
  79 0.04009090 0.03628408 0.002184273 0.03073085 0.1384342   0.0006905306  2761 1.0013251 1.0036616
  80 0.03822916 0.03418002 0.001865574 0.02941885 0.1228589   0.0007505298  2074 1.0042661 1.0076692
  81 0.03799875 0.03409714 0.002005459 0.02807800 0.1289799   0.0007624351  2000 1.0063154 1.0139804
  82 0.03878598 0.03320431 0.002034800 0.02976235 0.1221227   0.0007603598  1907 1.0008107 1.0018815
  83 0.03971021 0.03494585 0.002014792 0.03024700 0.1316511   0.0008072551  1874 1.0009152 1.0022553
  84 0.03858052 0.03431783 0.002016961 0.02945190 0.1258589   0.0007594374  2042 1.0012835 1.0046999
  85 0.04136760 0.03565983 0.001746570 0.03194630 0.1343619   0.0007973780  2000 1.0001276 1.0023248
  86 0.03798681 0.03403835 0.001782270 0.02846460 0.1271243   0.0007724029  1942 1.0022055 1.0058153
  87 0.06569588 0.04520037 0.009346660 0.05504025 0.1847965   0.0010107111  2000 1.0013539 1.0047594
  88 0.03769130 0.03342301 0.001972348 0.02849215 0.1253517   0.0007473612  2000 0.9993653 0.9999487
  89 0.03914097 0.03581994 0.001729742 0.02789865 0.1330091   0.0008009583  2000 1.0003571 1.0010121
  90 0.03714099 0.03292205 0.001536019 0.02871090 0.1261748   0.0007361594  2000 1.0038546 1.0074078
  91 0.03815639 0.03507499 0.002223359 0.02849610 0.1343027   0.0007843007  2000 1.0004960 1.0030507
Parameter  t3m 
    Statistic
ID         Mean         SD        2.5%        50%     97.5% Time-series SE n.eff      Rhat     R_95%
  1  0.08441161 0.05808436 0.008634131 0.07235335 0.2249143   0.0012778916  2066 1.0004907 1.0023138
  2  0.07472578 0.04958339 0.007662558 0.06583195 0.1933390   0.0011078878  2003 1.0002129 1.0026033
  3  0.08150593 0.05377088 0.008720187 0.07195575 0.2152622   0.0011913836  2037 1.0019718 1.0052560
  4  0.07455976 0.04998372 0.007609855 0.06437030 0.1968302   0.0011176699  2000 1.0003431 1.0020108
  5  0.07438522 0.05110011 0.007178945 0.06522400 0.2008024   0.0011426332  2000 1.0029968 1.0045189
  6  0.08561423 0.05754636 0.010243005 0.07435045 0.2328322   0.0012867757  2000 1.0006666 1.0035014
  7  0.07983876 0.05495625 0.008656784 0.06731180 0.2107958   0.0012288590  2000 0.9995421 0.9997560
  8  0.07144847 0.04730214 0.007409132 0.06191320 0.1895483   0.0010789569  1922 0.9998022 0.9999283
  9  0.07551497 0.04988960 0.009325428 0.06710750 0.1927580   0.0011164030  1997 1.0005795 1.0034889
  10 0.11342772 0.06334162 0.023694840 0.10078850 0.2677510   0.0013766665  2117 0.9993972 0.9999285
  11 0.07018372 0.04836274 0.006630808 0.06093065 0.1914749   0.0010997215  1934 1.0071670 1.0144789
  12 0.10657882 0.05975880 0.021686745 0.09492075 0.2565377   0.0013372508  1997 1.0014342 1.0036993
  13 0.07065129 0.04701515 0.008051386 0.06120880 0.1785568   0.0011372785  1709 1.0002389 1.0007844
  14 0.08583483 0.05804726 0.010050205 0.07504110 0.2337419   0.0012979762  2000 1.0002885 1.0017228
  15 0.07849089 0.05147868 0.007357717 0.06969680 0.1994213   0.0011994513  1842 1.0011118 1.0052356
  16 0.07462558 0.05063650 0.008141334 0.06419105 0.2070760   0.0010630322  2269 1.0011225 1.0028918
  17 0.07895990 0.05270332 0.006632104 0.06918760 0.2097496   0.0011345202  2158 1.0000875 1.0015637
  18 0.08456831 0.05796126 0.008097453 0.07329395 0.2285732   0.0013971639  1721 1.0015230 1.0033490
  19 0.08244794 0.05648695 0.007658207 0.07037750 0.2193928   0.0012630866  2000 1.0027799 1.0050237
  20 0.07405503 0.04954820 0.007038731 0.06445290 0.1944862   0.0010656142  2162 1.0022605 1.0070544
  21 0.07593121 0.05254541 0.006902289 0.06486115 0.2073052   0.0011300742  2162 0.9995776 1.0006636
  22 0.07911432 0.05494429 0.007345062 0.06749785 0.2118169   0.0011269587  2377 1.0045455 1.0079013
  23 0.10862354 0.06076737 0.022571713 0.09712545 0.2636675   0.0013832217  1930 1.0001278 1.0007878
  24 0.07021238 0.04727310 0.007198134 0.06102735 0.1847174   0.0010385304  2072 0.9992958 0.9996360
  25 0.07630448 0.05117449 0.007713180 0.06705375 0.2033700   0.0011153919  2105 1.0012293 1.0042148
  26 0.13754875 0.07035638 0.038303207 0.12421200 0.3100285   0.0015732165  2000 1.0009233 1.0028079
  27 0.07989664 0.05375701 0.007190849 0.06894525 0.2130761   0.0013041827  1699 1.0007592 1.0035530
  28 0.08196221 0.05651806 0.009063652 0.07028035 0.2224241   0.0012637823  2000 1.0062935 1.0145125
  29 0.10420357 0.05788948 0.022217707 0.09415810 0.2426065   0.0013599425  1812 1.0002240 1.0007539
  30 0.07125163 0.04914365 0.006773698 0.06140485 0.1941430   0.0010835533  2057 1.0019150 1.0030624
  31 0.08346494 0.05597114 0.008861618 0.07316425 0.2203229   0.0012701048  1942 1.0011535 1.0034768
  32 0.08261966 0.05832286 0.008055121 0.07234155 0.2324334   0.0013303385  1922 1.0002764 1.0012629
  33 0.07351221 0.04783303 0.007732439 0.06483625 0.1874562   0.0010374001  2126 1.0017991 1.0069233
  34 0.07089861 0.04808554 0.006508368 0.06106235 0.1932940   0.0010409198  2134 1.0005572 1.0008849
  35 0.08556978 0.05802059 0.010713830 0.07295100 0.2289184   0.0013186497  1936 1.0015848 1.0032141
  36 0.10269435 0.05523545 0.022022155 0.09323540 0.2322398   0.0012158025  2064 0.9996938 1.0001401
  37 0.07413652 0.05168070 0.006786446 0.06286280 0.2037120   0.0011018363  2200 1.0002964 1.0012276
  38 0.10109182 0.05644367 0.020349145 0.09063450 0.2341364   0.0012621188  2000 1.0001089 1.0008584
  39 0.08258913 0.05566118 0.010202320 0.07174560 0.2246459   0.0012660082  1933 1.0011888 1.0048513
  40 0.14963630 0.07442630 0.043877277 0.13549800 0.3301605   0.0016252763  2097 1.0048818 1.0101934
  41 0.10384715 0.05707292 0.023210738 0.09388225 0.2485509   0.0012761892  2000 1.0017079 1.0038108
  42 0.07985200 0.05429347 0.006580149 0.06901660 0.2156652   0.0012235586  1969 1.0021153 1.0039121
  43 0.07437988 0.04991471 0.007171329 0.06537090 0.1934204   0.0011144564  2006 1.0006633 1.0027918
  44 0.07442413 0.05025623 0.007976973 0.06552835 0.1966464   0.0010709798  2202 1.0012068 1.0034235
  45 0.07515817 0.04997454 0.008509093 0.06553875 0.1979554   0.0011402108  1921 1.0006662 1.0010489
  46 0.10488370 0.05634274 0.025307680 0.09526095 0.2422987   0.0012465330  2043 1.0013899 1.0045872
  47 0.07785009 0.05317222 0.006632069 0.06681585 0.2079919   0.0011540106  2123 0.9991526 0.9991902
  48 0.06978246 0.04685463 0.008249826 0.06120270 0.1806893   0.0010412141  2025 0.9998752 1.0007171
  49 0.07941363 0.05429415 0.008129344 0.06813530 0.2122465   0.0013064923  1727 0.9996635 1.0007016
  50 0.08535564 0.05947438 0.008022860 0.07375540 0.2355637   0.0014361436  1715 1.0008111 1.0019077
  51 0.10335547 0.05642792 0.022579720 0.09292650 0.2364622   0.0012758794  1956 0.9999017 1.0002118
  52 0.06962489 0.04802146 0.006155122 0.05998820 0.1860863   0.0010189692  2221 1.0003157 1.0026027
  53 0.08048167 0.05228289 0.008237148 0.07120470 0.2033719   0.0011536110  2054 1.0029868 1.0076628
  54 0.10775784 0.05899317 0.023138267 0.09793355 0.2547046   0.0013013552  2055 0.9991953 0.9993013
  55 0.07123391 0.04785573 0.006737380 0.06210740 0.1828093   0.0010700865  2000 1.0008599 1.0034361
  56 0.07652085 0.05143254 0.008631526 0.06685745 0.2033922   0.0011549856  1983 0.9996280 1.0004568
  57 0.07213820 0.04869046 0.007300442 0.06291105 0.1855013   0.0010970104  1970 1.0063854 1.0141197
  58 0.07596761 0.04963505 0.008446729 0.06731005 0.1976248   0.0011098736  2000 1.0004895 1.0019767
  59 0.08320585 0.05641468 0.008526330 0.07231750 0.2333056   0.0012614707  2000 1.0015136 1.0049605
  60 0.07556313 0.05133978 0.006996245 0.06577340 0.2017298   0.0011707505  1923 1.0000384 1.0014559
  61 0.07589336 0.05103832 0.007698420 0.06649910 0.1966333   0.0011507850  1967 1.0000385 1.0020482
  62 0.07331655 0.04792331 0.007849239 0.06510130 0.1941653   0.0010076287  2262 0.9999139 0.9999995
  63 0.13898288 0.06973099 0.041398102 0.12744900 0.3120687   0.0013707040  2588 0.9999613 1.0010546
  64 0.07144260 0.04778919 0.007823873 0.06279215 0.1929503   0.0010688660  1999 1.0012370 1.0056322
  65 0.08248207 0.05626293 0.008801449 0.07043030 0.2149492   0.0012069589  2173 1.0012795 1.0045422
  66 0.10817184 0.06006325 0.021823137 0.09869745 0.2526876   0.0012398018  2347 0.9992470 0.9994748
  67 0.08083525 0.05489344 0.007106006 0.06999380 0.2182257   0.0012073972  2067 1.0013862 1.0048267
  68 0.07479728 0.04950265 0.009371004 0.06456430 0.1929626   0.0010864626  2076 1.0015466 1.0046229
  69 0.08714801 0.05886122 0.010228513 0.07520020 0.2359745   0.0013443680  1917 1.0031853 1.0076726
  70 0.07613762 0.05180106 0.007053408 0.06670610 0.2063426   0.0011620900  1987 1.0013327 1.0057963
  71 0.07349554 0.04995731 0.008001952 0.06393180 0.1949078   0.0010967054  2075 1.0021452 1.0064343
  72 0.11099672 0.06148918 0.022048810 0.10100500 0.2516041   0.0013370374  2115 1.0018048 1.0055505
  73 0.07025186 0.04769954 0.005856688 0.06189485 0.1913886   0.0010665942  2000 1.0025238 1.0077592
  74 0.07726697 0.05348959 0.007635956 0.06572665 0.2132326   0.0012436076  1850 0.9996443 1.0002786
  75 0.07792857 0.05345522 0.007541683 0.06743020 0.2063158   0.0012244151  1906 1.0040441 1.0084669
  76 0.10388539 0.05629746 0.021097855 0.09468525 0.2293226   0.0012569655  2006 1.0008665 1.0024097
  77 0.07253419 0.04817717 0.006921953 0.06429375 0.1952568   0.0010943704  1938 0.9998520 1.0010655
  78 0.07188741 0.04868917 0.006945700 0.06333455 0.1943665   0.0011006190  1957 1.0016334 1.0049520
  79 0.10635916 0.06010968 0.022661923 0.09563145 0.2487585   0.0013440933  2000 1.0002639 1.0014666
  80 0.07942859 0.05522421 0.007555055 0.06919675 0.2170386   0.0011760485  2205 1.0001522 1.0012455
  81 0.13695867 0.06767491 0.042510560 0.12421950 0.3055759   0.0015587340  1885 1.0001511 1.0014342
  82 0.08237475 0.05727483 0.008154670 0.07091530 0.2271471   0.0012923885  1964 1.0025728 1.0078032
  83 0.08161068 0.05688666 0.007441018 0.06997025 0.2272558   0.0012720243  2000 1.0046829 1.0115598
  84 0.07336233 0.04958827 0.007007815 0.06344320 0.1977064   0.0011810079  1763 1.0002443 1.0019610
  85 0.07903550 0.05424714 0.006842425 0.06858240 0.2116325   0.0011857476  2093 1.0007841 1.0012610
  86 0.07890235 0.05242515 0.008413448 0.06988160 0.2098162   0.0011722621  2000 0.9996702 1.0008096
  87 0.10481101 0.05973537 0.022228470 0.09273510 0.2581192   0.0013357234  2000 1.0004479 1.0029738
  88 0.07910434 0.05346572 0.008302550 0.06797250 0.2152769   0.0012722724  1766 1.0011096 1.0046486
  89 0.07399951 0.05061922 0.005957706 0.06562610 0.1909972   0.0012031751  1770 1.0009932 1.0025228
  90 0.10571482 0.05973626 0.024639865 0.09558545 0.2477524   0.0013164666  2059 1.0022204 1.0031692
  91 0.06976111 0.04727651 0.006328387 0.06087540 0.1877125   0.0009957916  2254 1.0015684 1.0038445


#################################
#### Transformed Parameters (Group level)
               Mean         SD          2.5%         50%      97.5% Time-series SE n.eff      Rhat    R_95%
deltal  -0.23372548 0.03564825 -0.3059066750 -0.23355250 -0.1654817   0.0007971192  2000 1.0011589 1.004124
deltat3  0.04463269 0.02179968  0.0005938455  0.04422365  0.0864339   0.0004726792  2127 1.0012123 1.004623
deltat1  0.39964008 0.03854828  0.3216609500  0.39998100  0.4751746   0.0008327104  2143 0.9994767 1.000093


#################################
#### Model information
$model
[1] "betaMPT"

$thetaNames
  Parameter theta
1        le     1
2        lm     2
3       t1e     3
4       t1m     4
5       t3e     5
6       t3m     6

$thetaUnique
[1] "le"  "lm"  "t1e" "t1m" "t3e" "t3m"

$thetaFixed
NULL

$MPT
  Tree Category                                     Equation                    Eqn
1  T_E       E1     (1-theta[1,n])*(1-theta[5,n])*theta[3,n]     (1-le)*(1-t3e)*t1e
2  T_E       E2 (1-theta[1,n])*(1-theta[5,n])*(1-theta[3,n]) (1-le)*(1-t3e)*(1-t1e)
3  T_E       E3                    (1-theta[1,n])*theta[5,n]             (1-le)*t3e
4  T_E       EL                                   theta[1,n]                     le
5  T_M       M1     (1-theta[2,n])*(1-theta[6,n])*theta[4,n]     (1-lm)*(1-t3m)*t1m
6  T_M       M2 (1-theta[2,n])*(1-theta[6,n])*(1-theta[4,n]) (1-lm)*(1-t3m)*(1-t1m)
7  T_M       M3                    (1-theta[2,n])*theta[6,n]             (1-lm)*t3m
8  T_M       ML                                   theta[2,n]                     lm

$eqnfile
[1] "cat_rank.eqn"

$data
   E1 E2 E3 EL M1 M2 M3 ML
1   0  1  0  5  0  1  0  5
2   0  3  0  3  2  2  0  2
3   0  1  0  5  1  0  0  5
4   0  3  0  3  0  3  0  3
5   0  0  0  6  2  2  0  2
6   0  2  0  4  0  0  0  6
7   1  1  0  4  0  2  0  4
8   1  1  0  4  3  2  0  1
9   0  2  0  4  3  0  0  3
10  0  3  0  3  1  1  1  3
11  0  4  0  2  2  3  0  1
12  0  3  0  3  3  1  1  1
13  0  3  0  3  4  1  0  1
14  0  0  0  6  0  0  0  6
15  0  3  0  3  2  0  0  4
16  0  4  0  2  0  4  0  2
17  0  0  0  6  0  2  0  4
18  0  0  0  6  0  0  0  6
19  0  1  0  5  1  0  0  5
20  0  0  0  6  3  1  0  2
21  0  3  0  3  2  1  0  3
22  0  3  0  3  0  2  0  4
23  0  1  0  5  0  3  1  2
24  0  2  0  4  5  0  0  1
25  0  2  0  4  0  3  0  3
26  0  5  0  1  2  1  2  1
27  0  0  0  6  0  2  0  4
28  0  1  0  5  1  0  0  5
29  0  0  2  4  1  3  1  1
30  0  0  0  6  5  0  0  1
31  0  1  0  5  1  0  0  5
32  0  1  0  5  0  1  0  5
33  0  2  0  4  2  2  0  2
34  0  3  0  3  0  5  0  1
35  0  0  0  6  0  0  0  6
36  0  3  0  3  4  0  1  1
37  0  2  0  4  3  1  0  2
38  0  2  0  4  1  4  1  0
39  0  2  0  4  0  1  0  5
40  0  1  0  5  0  1  2  3
41  0  3  1  2  1  3  1  1
42  0  3  0  3  1  1  0  4
43  1  0  0  5  3  1  0  2
44  0  2  0  4  2  2  0  2
45  0  3  0  3  0  3  0  3
46  0  1  0  5  4  0  1  1
47  0  0  0  6  1  2  0  3
48  0  3  0  3  0  5  0  1
49  0  0  0  6  0  2  0  4
50  1  0  0  5  0  0  0  6
51  0  3  0  3  0  4  1  1
52  0  4  0  2  2  3  0  1
53  0  0  0  6  1  0  0  5
54  0  0  0  6  1  2  1  2
55  0  0  0  6  2  3  0  1
56  0  1  0  5  4  0  0  2
57  0  0  0  6  2  3  0  1
58  0  2  0  4  1  2  0  3
59  0  1  0  5  0  1  0  5
60  0  2  0  4  0  3  0  3
61  0  3  0  3  0  3  0  3
62  0  2  0  4  3  1  0  2
63  0  2  0  4  1  2  2  1
64  0  1  0  5  1  4  0  1
65  0  2  0  4  1  0  0  5
66  0  4  0  2  3  1  1  1
67  0  2  0  4  0  2  0  4
68  0  2  0  4  2  2  0  2
69  0  0  0  6  0  0  0  6
70  0  3  0  3  1  2  0  3
71  0  0  0  6  2  2  0  2
72  0  2  0  4  0  3  1  2
73  0  0  0  6  1  4  0  1
74  0  0  0  6  0  3  0  3
75  1  2  0  3  2  0  0  4
76  0  3  0  3  2  2  1  1
77  0  2  0  4  4  1  0  1
78  0  1  0  5  4  1  0  1
79  0  1  0  5  1  3  1  1
80  0  3  0  3  0  2  0  4
81  0  3  0  3  0  3  2  1
82  0  3  0  3  1  0  0  5
83  0  1  0  5  1  0  0  5
84  0  2  0  4  1  4  0  1
85  0  0  0  6  1  0  0  5
86  0  2  0  4  0  2  0  4
87  0  2  1  3  3  1  1  1
88  0  3  0  3  2  0  0  4
89  0  2  0  4  3  1  0  2
90  0  4  0  2  2  2  1  1
91  0  3  0  3  2  3  0  1

$restrictions
NULL

$covData
NULL

$corProbit
[1] FALSE

$predTable
NULL

$predFactorLevels
NULL

$predType
NULL

$transformedParameters
[1] "deltal"  "deltat3" "deltat1"

$hyperprior
$hyperprior$alpha
                 le                  lm                 t1e                 t1m                 t3e 
"dgamma(1,.1)T(1,)" "dgamma(1,.1)T(1,)" "dgamma(1,.1)T(1,)" "dgamma(1,.1)T(1,)" "dgamma(1,.1)T(1,)" 
                t3m 
"dgamma(1,.1)T(1,)" 

$hyperprior$beta
                 le                  lm                 t1e                 t1m                 t3e 
"dgamma(1,.1)T(1,)" "dgamma(1,.1)T(1,)" "dgamma(1,.1)T(1,)" "dgamma(1,.1)T(1,)" "dgamma(1,.1)T(1,)" 
                t3m 
"dgamma(1,.1)T(1,)" 


