Call: 
betaMPT(eqnfile = "cat_linear_rank.eqn", data = "not_allow_indi.csv", 
    transformedParameters = list("deltal=lm-le", "deltat1 = t1m-t1e"), 
    n.iter = 1e+05, n.burnin = 50000, n.thin = 100, n.chains = 4, 
    parEstFile = "results_fit_linear_betaMPT.txt")

Group-level means of MPT parameters:
          Mean    SD  2.5%   50% 97.5% Time-series SE n.eff  Rhat R_95%
mean_le  0.775 0.020 0.732 0.775 0.813          0.000  2094 1.000 1.001
mean_lm  0.518 0.027 0.463 0.518 0.572          0.001  1851 1.002 1.007
mean_t1e 0.090 0.026 0.048 0.087 0.151          0.001  1829 1.000 1.002
mean_t1m 0.379 0.036 0.311 0.378 0.455          0.001  2061 1.002 1.008

Standard deviation of parameters across individuals:
        Mean    SD  2.5%   50% 97.5% Time-series SE n.eff  Rhat R_95%
sd_le  0.102 0.024 0.061 0.101 0.152          0.001   774 1.002 1.007
sd_lm  0.168 0.027 0.116 0.169 0.222          0.001  1548 1.002 1.004
sd_t1e 0.058 0.016 0.032 0.056 0.095          0.000  1591 0.999 1.000
sd_t1m 0.172 0.039 0.091 0.174 0.242          0.002   581 1.004 1.010

Alpha parameters of beta distributions:
            Mean    SD  2.5%    50%  97.5% Time-series SE n.eff  Rhat R_95%
alpha_le  14.496 8.165 5.118 12.506 34.930          0.333   601 1.021 1.032
alpha_lm   4.454 1.929 2.136  4.013  9.072          0.054  1261 1.012 1.017
alpha_t1e  2.348 1.285 1.033  1.930  5.611          0.042   930 1.013 1.024
alpha_t1m  3.320 2.573 1.132  2.545 10.504          0.133   377 1.033 1.044

Beta parameters of beta distributions:
           Mean     SD  2.5%    50%  97.5% Time-series SE n.eff  Rhat R_95%
beta_le   4.218  2.419 1.514  3.628 10.356          0.100   591 1.022 1.034
beta_lm   4.157  1.831 1.932  3.724  8.543          0.052  1230 1.011 1.018
beta_t1e 24.396 12.162 9.517 21.631 56.654          0.361  1136 1.005 1.011
beta_t1m  5.437  4.130 1.840  4.159 17.034          0.210   388 1.019 1.028


##############
 Model fit statistics (posterior predictive p-values):
Use PPP(fittedModel) to get T1 and T2 posterior predictive checks.

Transformed parameters:
          Mean    SD   2.5%    50%  97.5% Time-series SE n.eff  Rhat R_95%
deltal  -0.257 0.034 -0.324 -0.257 -0.190          0.001  1972 1.002 1.006
deltat1  0.289 0.046  0.199  0.289  0.378          0.001  1978 1.000 1.002


#################################
#### Individual Parameter Estimates
Parameter  le 
    Statistic
ID        Mean         SD      2.5%       50%     97.5% Time-series SE n.eff      Rhat     R_95%
  1  0.6523536 0.10899077 0.4103140 0.6636235 0.8337788    0.002498448  1903 1.0005290 1.0013190
  2  0.8366589 0.07941346 0.6585276 0.8431595 0.9677876    0.001793767  1960 1.0003913 1.0026931
  3  0.7459950 0.09087961 0.5457808 0.7526175 0.8991408    0.002032130  2000 1.0015471 1.0064047
  4  0.7483018 0.09192813 0.5437185 0.7550015 0.9026077    0.002097417  1921 1.0013766 1.0057397
  5  0.7924261 0.08802154 0.5959218 0.8010190 0.9336351    0.002002041  1933 1.0005017 1.0030695
  6  0.7907383 0.08797995 0.5930498 0.7990060 0.9355455    0.001967292  2000 1.0007636 1.0028371
  7  0.7441758 0.09442037 0.5399030 0.7530400 0.9025544    0.002145363  1937 1.0008035 1.0028184
  8  0.7455056 0.09399756 0.5349051 0.7535910 0.8985623    0.002085747  2031 1.0013118 1.0053801
  9  0.6985056 0.10074459 0.4632384 0.7078940 0.8671390    0.002252718  2000 0.9999110 1.0007449
  10 0.8408709 0.08038342 0.6664678 0.8477525 0.9728400    0.001747879  2115 1.0017575 1.0070133
  11 0.8367983 0.07953113 0.6684163 0.8418480 0.9677240    0.001850562  1847 1.0014962 1.0024540
  12 0.7923598 0.08560681 0.6003118 0.8003810 0.9379342    0.001911361  2006 1.0001503 1.0022337
  13 0.8369607 0.08012271 0.6671442 0.8459615 0.9689358    0.001791598  2000 1.0002831 1.0025760
  14 0.7451197 0.09295708 0.5345428 0.7532845 0.8988183    0.002112661  1936 1.0025959 1.0095258
  15 0.8368453 0.07952943 0.6568033 0.8445455 0.9658638    0.001814530  1921 1.0004923 1.0030921
  16 0.6958247 0.10279355 0.4675970 0.7044615 0.8643728    0.002389901  1850 1.0010751 1.0044787
  17 0.7459359 0.09145600 0.5412951 0.7556555 0.9008278    0.002115473  1869 0.9997052 0.9999758
  18 0.7406894 0.09243243 0.5368616 0.7486495 0.9003441    0.002036530  2060 1.0020075 1.0041301
  19 0.7450678 0.09175719 0.5476221 0.7556560 0.9026048    0.002007571  2089 0.9992249 0.9994951
  20 0.8373893 0.08042649 0.6641851 0.8437280 0.9683941    0.001734522  2150 1.0000973 1.0011571
  21 0.6501963 0.11062118 0.4027713 0.6627705 0.8294111    0.002460071  2022 1.0050696 1.0160149
  22 0.7459293 0.09483010 0.5304134 0.7564900 0.9036523    0.002070842  2097 0.9994968 1.0002505
  23 0.7946561 0.08331941 0.6070642 0.8022810 0.9368457    0.001911981  1899 0.9995943 1.0003800
  24 0.7433087 0.09415573 0.5429603 0.7487630 0.9089419    0.002017520  2178 0.9997737 1.0004673
  25 0.8356019 0.07740074 0.6729202 0.8383225 0.9686643    0.001705342  2060 1.0019959 1.0075678
  26 0.7441905 0.09589367 0.5269635 0.7545195 0.9042947    0.002144248  2000 1.0030108 1.0111001
  27 0.7418118 0.09316733 0.5342860 0.7502095 0.8955776    0.001812580  2642 1.0030435 1.0092041
  28 0.7879361 0.08883111 0.5863420 0.7973605 0.9393964    0.002037925  1900 0.9997687 1.0010458
  29 0.7425050 0.09689367 0.5218794 0.7534590 0.9002900    0.002247272  1859 1.0012771 1.0030991
  30 0.7910068 0.08680367 0.6029646 0.7997905 0.9324724    0.001994565  1894 1.0042224 1.0147701
  31 0.8362983 0.08286558 0.6450651 0.8466730 0.9680166    0.001883309  1936 0.9997552 1.0006943
  32 0.7891486 0.08566665 0.5988909 0.7979000 0.9327002    0.001915564  2000 0.9994162 0.9997776
  33 0.7463457 0.09218364 0.5443559 0.7539375 0.9046105    0.002061289  2000 1.0006671 1.0033827
  34 0.7869734 0.08873698 0.5880176 0.7961170 0.9334153    0.001804582  2418 1.0014075 1.0056057
  35 0.8391121 0.07914746 0.6601806 0.8461470 0.9703087    0.001769791  2000 1.0014460 1.0048196
  36 0.8387447 0.07962433 0.6649382 0.8457385 0.9698469    0.001898510  1759 0.9998977 1.0008376
  37 0.8364238 0.08211808 0.6639465 0.8457740 0.9715632    0.001911792  1845 1.0002896 1.0018833
  38 0.7443335 0.09183614 0.5339849 0.7548130 0.8973567    0.002053518  2000 1.0000689 1.0016876
  39 0.6991023 0.10207205 0.4685780 0.7097130 0.8667699    0.002318622  1938 0.9994778 1.0001549
  40 0.7036629 0.09860224 0.4855192 0.7124120 0.8694323    0.002204813  2000 1.0011399 1.0046125
  41 0.8343311 0.08224628 0.6494384 0.8382520 0.9683757    0.001906527  1861 1.0004434 1.0030104
  42 0.6981314 0.09906601 0.4849164 0.7105925 0.8672074    0.002215183  2000 0.9996451 0.9997990
  43 0.7896067 0.08804054 0.6009417 0.7962825 0.9452341    0.001936009  2068 1.0003538 1.0013063
  44 0.7903018 0.08621673 0.5930863 0.7986000 0.9310438    0.001906536  2045 1.0001147 1.0010926
  45 0.8334932 0.08032726 0.6479314 0.8402130 0.9709947    0.001828929  1929 1.0001641 1.0018700
  46 0.6986108 0.10083308 0.4726345 0.7110175 0.8669920    0.002298199  1925 1.0007668 1.0027206
  47 0.7419812 0.09443700 0.5242630 0.7529700 0.8947995    0.002057847  2106 1.0030779 1.0088031
  48 0.7964746 0.08329020 0.6133170 0.8061680 0.9344702    0.001541090  2921 1.0005089 1.0032938
  49 0.7478410 0.09408147 0.5357513 0.7558630 0.9062614    0.002055965  2094 0.9996828 1.0009039
  50 0.6975827 0.10311279 0.4624530 0.7093300 0.8726871    0.002344684  1934 1.0008481 1.0043817
  51 0.7472044 0.09551177 0.5334598 0.7577800 0.9053730    0.002131980  2007 1.0004553 1.0015065
  52 0.8348413 0.08021287 0.6577440 0.8414785 0.9661126    0.001793614  2000 0.9997369 1.0010495
  53 0.6085653 0.11303677 0.3640684 0.6214850 0.7967112    0.002855520  1567 1.0010378 1.0045538
  54 0.7907720 0.08665310 0.6032996 0.7971175 0.9378484    0.001861035  2168 0.9992614 0.9996539
  55 0.8352499 0.08000380 0.6607392 0.8428285 0.9686384    0.001788939  2000 0.9999088 1.0003169
  56 0.7937718 0.08612039 0.6002688 0.8010275 0.9390202    0.001925711  2000 1.0009167 1.0043493
  57 0.7880068 0.08733890 0.5936784 0.7948005 0.9371299    0.001990638  1925 1.0010958 1.0041759
  58 0.7908310 0.08753764 0.5886836 0.7983510 0.9379319    0.001957401  2000 1.0017653 1.0065296
  59 0.7910708 0.08700574 0.6029138 0.8005545 0.9345868    0.001632634  2840 1.0013862 1.0059549
  60 0.6936058 0.10239294 0.4634537 0.7052840 0.8673898    0.002289576  2000 1.0006712 1.0027846
  61 0.6937982 0.10170719 0.4666277 0.7038810 0.8629925    0.002274242  2000 1.0038830 1.0135777
  62 0.6986906 0.10376272 0.4670643 0.7064435 0.8688484    0.002258916  2110 1.0020221 1.0082013
  63 0.7889719 0.08723849 0.5913506 0.7962665 0.9341828    0.001908705  2089 1.0007798 1.0033363
  64 0.7433852 0.09399233 0.5285606 0.7525895 0.9036595    0.001880599  2498 1.0003863 1.0013090
  65 0.8374745 0.08015916 0.6664973 0.8452910 0.9718651    0.001825102  1929 1.0024591 1.0094420
  66 0.7008588 0.09781315 0.4784331 0.7095435 0.8638261    0.002267988  1860 1.0018555 1.0070975
  67 0.8362607 0.08100749 0.6555870 0.8429675 0.9688056    0.001957251  1713 0.9996038 1.0000426
  68 0.8365669 0.08200559 0.6523193 0.8415825 0.9703045    0.001916458  1831 1.0002895 1.0012561
  69 0.8368633 0.08189109 0.6575007 0.8441255 0.9688569    0.001899315  1859 1.0001235 1.0007362
  70 0.8385391 0.08145063 0.6565061 0.8464230 0.9692618    0.001829082  1983 1.0008957 1.0027661
  71 0.8372773 0.07996762 0.6579424 0.8420930 0.9686829    0.001983142  1626 1.0009688 1.0022927
  72 0.7900795 0.08836269 0.5991850 0.7991770 0.9319629    0.002032535  1890 1.0013943 1.0035894
  73 0.7430276 0.09533143 0.5338688 0.7530895 0.9003611    0.001850834  2653 1.0012355 1.0042658
  74 0.8370858 0.07879391 0.6585440 0.8419510 0.9661405    0.001771656  1978 1.0013417 1.0045015
  75 0.7424812 0.09442940 0.5339039 0.7533280 0.8997382    0.002115210  1993 1.0002322 1.0020189
  76 0.8358510 0.07827211 0.6665880 0.8432250 0.9661611    0.001887857  1719 0.9995034 1.0004401
  77 0.8364211 0.08028297 0.6586318 0.8469530 0.9653248    0.001843759  1896 1.0011281 1.0046935
  78 0.7483645 0.09390733 0.5440442 0.7581530 0.9046066    0.002099832  2000 1.0005096 1.0016281
  79 0.7455963 0.09103410 0.5433821 0.7529165 0.9046975    0.002035584  2000 0.9998203 1.0010095
  80 0.7892811 0.08783680 0.5982893 0.7974650 0.9333744    0.001964091  2000 1.0014077 1.0058228
  81 0.7458501 0.09295725 0.5327737 0.7559225 0.9000513    0.002078587  2000 1.0017304 1.0042607
  82 0.8387307 0.07993023 0.6639796 0.8447160 0.9696680    0.001879281  1809 1.0000584 1.0000632
  83 0.7919383 0.08661098 0.5978962 0.8012935 0.9344173    0.001972511  1928 1.0001147 1.0009672
  84 0.8365946 0.08089518 0.6560706 0.8433380 0.9721520    0.001889476  1833 1.0017606 1.0075553
  85 0.8379388 0.08084316 0.6621259 0.8473835 0.9697757    0.001867491  1874 0.9995098 1.0001803
  86 0.7458391 0.09350946 0.5329349 0.7549200 0.8987741    0.002068814  2043 1.0010499 1.0032209
Parameter  lm 
    Statistic
ID        Mean        SD       2.5%       50%     97.5% Time-series SE n.eff      Rhat     R_95%
  1  0.3630267 0.1288675 0.12973727 0.3606455 0.6244678    0.002881564  2000 1.0010802 1.0051884
  2  0.4382486 0.1322400 0.19655112 0.4358495 0.7138061    0.002956976  2000 1.0000690 1.0020285
  3  0.3643557 0.1253505 0.12857815 0.3634610 0.6154162    0.002861465  1919 1.0004942 1.0034936
  4  0.7220011 0.1210889 0.46787432 0.7311695 0.9229142    0.002755581  1931 1.0018929 1.0072623
  5  0.5118104 0.1286107 0.27107417 0.5115180 0.7602060    0.002875823  2000 1.0006851 1.0037231
  6  0.5844130 0.1283209 0.32860718 0.5883690 0.8248123    0.002905896  1950 1.0010576 1.0043806
  7  0.5105226 0.1298680 0.26113503 0.5110990 0.7494043    0.002771946  2195 1.0008591 1.0041955
  8  0.6552431 0.1263069 0.39277260 0.6632525 0.8845708    0.002683739  2215 1.0018807 1.0069946
  9  0.5168519 0.1306540 0.26761045 0.5151630 0.7791519    0.002822354  2143 1.0008284 1.0035423
  10 0.4347422 0.1308180 0.18754665 0.4314950 0.6970307    0.002936210  1985 1.0044198 1.0147012
  11 0.6530570 0.1312807 0.38315942 0.6574680 0.8841650    0.002935525  2000 1.0012629 1.0037538
  12 0.5113508 0.1313703 0.24928475 0.5130000 0.7671009    0.002927302  2014 1.0002909 1.0009229
  13 0.6527778 0.1292304 0.38604510 0.6590090 0.8866251    0.002889680  2000 1.0003549 1.0024631
  14 0.5808957 0.1298698 0.33318175 0.5810520 0.8354643    0.002903976  2000 1.0012638 1.0059106
  15 0.5890141 0.1297948 0.32664908 0.5968875 0.8239052    0.002895793  2009 0.9993341 0.9997921
  16 0.2952953 0.1273421 0.07844134 0.2891995 0.5690672    0.002948715  1865 1.0022453 1.0086834
  17 0.4349714 0.1316252 0.18395395 0.4319090 0.6981186    0.002950615  1990 0.9996300 1.0008755
  18 0.5833429 0.1291097 0.33128910 0.5871215 0.8230404    0.002951898  1913 0.9999731 1.0004120
  19 0.6515418 0.1279999 0.39075352 0.6565745 0.8774153    0.002644943  2342 1.0002347 1.0022732
  20 0.5827741 0.1264159 0.33094117 0.5889870 0.8208175    0.002877551  1930 1.0012165 1.0049283
  21 0.5851176 0.1321254 0.31268493 0.5878125 0.8263248    0.002954414  2000 0.9997361 0.9999986
  22 0.4342730 0.1314666 0.18300122 0.4363290 0.6989861    0.002939682  2000 1.0006462 1.0033217
  23 0.5057979 0.1307521 0.25361730 0.5062830 0.7562588    0.002923705  2000 1.0014477 1.0044070
  24 0.5132436 0.1321665 0.25555227 0.5133520 0.7651402    0.002669621  2451 1.0012019 1.0055040
  25 0.7280121 0.1238087 0.47203240 0.7344605 0.9383911    0.002774698  1991 1.0000835 1.0013615
  26 0.4367063 0.1302315 0.18540635 0.4343275 0.6829995    0.002964404  1930 1.0002221 1.0021612
  27 0.3708316 0.1275533 0.13587102 0.3686595 0.6291485    0.002905699  1927 0.9994427 1.0002385
  28 0.5766493 0.1332116 0.30887970 0.5803095 0.8184220    0.003046478  1912 1.0017717 1.0057624
  29 0.3660078 0.1310184 0.12762267 0.3620835 0.6390871    0.003077892  1812 0.9998035 1.0010448
  30 0.6520155 0.1275581 0.39655937 0.6556140 0.8807948    0.002702405  2228 1.0009303 1.0045235
  31 0.6544427 0.1275624 0.39233477 0.6585750 0.8815445    0.002972200  1842 1.0004358 1.0030682
  32 0.2944681 0.1271225 0.07218945 0.2898965 0.5578972    0.002976528  1824 0.9999865 1.0006563
  33 0.5097010 0.1318726 0.25399127 0.5132830 0.7602269    0.002459009  2876 1.0003917 1.0019325
  34 0.5115326 0.1283717 0.26272395 0.5125100 0.7584104    0.002783463  2127 1.0002156 1.0026524
  35 0.3636502 0.1285515 0.12320117 0.3583825 0.6190309    0.002548700  2544 1.0008286 1.0040526
  36 0.7277393 0.1235651 0.46785357 0.7347570 0.9338702    0.002763000  2000 1.0023155 1.0085913
  37 0.2894893 0.1219910 0.08517215 0.2825615 0.5498126    0.002642629  2131 1.0020338 1.0075939
  38 0.2934979 0.1285650 0.07294550 0.2827890 0.5571276    0.002927987  1928 1.0010276 1.0035243
  39 0.3704143 0.1278617 0.12229135 0.3684255 0.6244118    0.002859075  2000 1.0009726 1.0035026
  40 0.5851195 0.1275681 0.33484310 0.5877040 0.8197518    0.002794431  2084 0.9997206 1.0005812
  41 0.5121113 0.1280863 0.26909077 0.5094015 0.7614925    0.002763666  2148 1.0004772 1.0019848
  42 0.5115326 0.1297504 0.26807305 0.5097865 0.7677281    0.002739032  2244 1.0007482 1.0043721
  43 0.3620705 0.1294881 0.12328193 0.3575065 0.6270059    0.002895442  2000 1.0007520 1.0034994
  44 0.5082080 0.1302841 0.25379398 0.5075425 0.7586349    0.002811741  2147 0.9997646 1.0001085
  45 0.5795029 0.1271103 0.32859515 0.5804585 0.8095090    0.002741969  2149 0.9997763 1.0009085
  46 0.5814735 0.1298614 0.32091273 0.5898525 0.8181062    0.002806542  2141 1.0004455 1.0025701
  47 0.5815536 0.1255171 0.33474830 0.5806340 0.8085812    0.002806647  2000 1.0016619 1.0058480
  48 0.5845517 0.1272811 0.33717045 0.5852830 0.8220551    0.002796879  2071 0.9996856 1.0009184
  49 0.4440855 0.1272006 0.20072382 0.4427750 0.6872145    0.002791743  2076 1.0009032 1.0042907
  50 0.4350566 0.1285612 0.19347500 0.4305110 0.6863518    0.002974552  1868 1.0004060 1.0026480
  51 0.4389620 0.1320758 0.18994193 0.4356040 0.6968217    0.002862434  2129 1.0005838 1.0022528
  52 0.7251736 0.1218470 0.47308227 0.7289475 0.9319224    0.002764257  1943 1.0021888 1.0061450
  53 0.5076075 0.1291553 0.25670768 0.5060940 0.7591422    0.002887999  2000 0.9996375 1.0004513
  54 0.7251800 0.1251149 0.46084705 0.7347570 0.9370689    0.002842787  1937 0.9994800 0.9998099
  55 0.4340161 0.1249862 0.20658062 0.4321295 0.6783420    0.002842064  1934 0.9998766 1.0013660
  56 0.5093386 0.1293644 0.26461888 0.5089985 0.7637678    0.002892676  2000 1.0005581 1.0036462
  57 0.5818018 0.1293699 0.32914565 0.5839415 0.8279415    0.002973433  1893 0.9999783 1.0008676
  58 0.5131745 0.1284506 0.25902175 0.5184840 0.7577543    0.002789111  2121 1.0021699 1.0084301
  59 0.6523597 0.1276858 0.39498255 0.6557995 0.8893039    0.002811890  2062 1.0002231 1.0024097
  60 0.5861563 0.1289435 0.32842508 0.5896265 0.8240772    0.002704579  2273 1.0006490 1.0032258
  61 0.5130650 0.1343689 0.25200305 0.5151575 0.7745077    0.003004580  2000 0.9998721 1.0009631
  62 0.4397849 0.1270053 0.19154540 0.4409395 0.6785799    0.002839926  2000 1.0042424 1.0141589
  63 0.5134142 0.1305893 0.25528587 0.5168650 0.7715292    0.002920066  2000 0.9992253 0.9995302
  64 0.3649634 0.1258640 0.13138797 0.3631620 0.6128375    0.003057151  1695 1.0030776 1.0107608
  65 0.4370981 0.1289215 0.18461830 0.4395280 0.6815021    0.003087994  1743 1.0012416 1.0049371
  66 0.3661181 0.1331469 0.12033085 0.3655275 0.6200973    0.002918036  2082 0.9998368 1.0011156
  67 0.5819247 0.1303649 0.31702913 0.5857360 0.8186431    0.002915049  2000 1.0025768 1.0097978
  68 0.5804274 0.1303978 0.32017505 0.5850190 0.8249684    0.002799241  2170 1.0005383 1.0030609
  69 0.5074586 0.1299750 0.25504850 0.5033595 0.7629013    0.002799209  2156 0.9999658 1.0015132
  70 0.5149751 0.1326378 0.25666282 0.5171775 0.7657180    0.002965870  2000 1.0007233 1.0041704
  71 0.4414856 0.1300512 0.19718272 0.4398925 0.6999484    0.002717076  2291 1.0010801 1.0027707
  72 0.3631758 0.1272597 0.12688975 0.3583435 0.6224133    0.002845612  2000 1.0004908 1.0035786
  73 0.5836380 0.1311557 0.31733380 0.5870275 0.8244103    0.002932730  2000 0.9996032 1.0005279
  74 0.7297243 0.1218850 0.47881830 0.7414005 0.9333878    0.002913608  1750 1.0013688 1.0046300
  75 0.6525390 0.1303294 0.38162233 0.6604425 0.8828203    0.002914253  2000 1.0016015 1.0059143
  76 0.5043840 0.1304569 0.24926333 0.5012400 0.7538490    0.002917105  2000 0.9996664 0.9997388
  77 0.5831475 0.1296603 0.32738212 0.5859575 0.8261461    0.002807447  2133 0.9999987 1.0020519
  78 0.4333010 0.1275351 0.18870592 0.4309655 0.6794406    0.002683909  2258 1.0008975 1.0041989
  79 0.5075385 0.1296783 0.25367770 0.5060965 0.7550087    0.003073670  1780 1.0002974 1.0024178
  80 0.5100507 0.1274522 0.26622798 0.5090015 0.7553228    0.002849917  2000 1.0000496 1.0019907
  81 0.3680663 0.1297759 0.13138802 0.3657890 0.6278913    0.002901876  2000 0.9999366 1.0012125
  82 0.5119760 0.1314795 0.24991902 0.5145940 0.7598434    0.002939970  2000 0.9998678 1.0002838
  83 0.4388246 0.1303814 0.19549695 0.4368330 0.6966031    0.002835049  2115 0.9996627 1.0003678
  84 0.7240699 0.1236125 0.46079295 0.7321560 0.9336404    0.002764060  2000 1.0009996 1.0031585
  85 0.7279567 0.1210357 0.47207095 0.7373130 0.9346736    0.002768021  1912 1.0011267 1.0040457
  86 0.4328988 0.1325174 0.18438515 0.4324285 0.6955269    0.002844089  2171 1.0020504 1.0082197
Parameter  t1e 
    Statistic
ID         Mean         SD        2.5%        50%     97.5% Time-series SE n.eff      Rhat     R_95%
  1  0.07566371 0.05260275 0.006325917 0.06513800 0.2107723    0.001156174  2070 0.9998977 1.0017304
  2  0.08791275 0.06297337 0.008391456 0.07644340 0.2478650    0.001408127  2000 1.0011970 1.0032647
  3  0.08068858 0.05846636 0.005328337 0.06942465 0.2280986    0.001307348  2000 1.0011909 1.0040064
  4  0.08507883 0.06184196 0.006244538 0.07111145 0.2344367    0.001458034  1799 1.0001091 1.0015268
  5  0.08791894 0.06354508 0.008275091 0.07417655 0.2478630    0.001453242  1912 1.0014642 1.0023591
  6  0.08509459 0.06048083 0.007940705 0.07423515 0.2315795    0.001352393  2000 1.0039669 1.0112184
  7  0.08016364 0.05660353 0.007006191 0.06964640 0.2207993    0.001207890  2196 1.0006982 1.0029835
  8  0.07960910 0.05556062 0.007399319 0.06917880 0.2101997    0.001286553  1865 1.0009115 1.0023479
  9  0.11853370 0.06909468 0.022312920 0.10472850 0.2857548    0.001564686  1950 1.0028425 1.0068815
  10 0.08815326 0.06465113 0.006530780 0.07307325 0.2453963    0.001475453  1920 1.0001309 1.0014151
  11 0.08782323 0.06441647 0.006987574 0.07400495 0.2450855    0.001435025  2015 1.0012921 1.0028617
  12 0.08613191 0.06264046 0.007623370 0.07151475 0.2466500    0.001345940  2166 1.0002598 1.0010597
  13 0.08896765 0.06339520 0.007789089 0.07527720 0.2436715    0.001428675  1969 1.0005429 1.0017254
  14 0.12329168 0.07237594 0.021791685 0.11158900 0.2968989    0.001603216  2038 1.0002867 1.0004487
  15 0.08906397 0.06342300 0.007394640 0.07576140 0.2459156    0.001418181  2000 0.9997130 1.0004537
  16 0.11965308 0.07157042 0.023419833 0.10634350 0.3041037    0.001600363  2000 1.0006836 1.0026062
  17 0.08135993 0.05745107 0.006488088 0.06901815 0.2256260    0.001284645  2000 1.0027143 1.0080993
  18 0.08385704 0.06231894 0.007038267 0.06938975 0.2387532    0.001402286  1975 0.9993465 0.9998119
  19 0.08253688 0.05921680 0.006887206 0.06931875 0.2216912    0.001273848  2161 1.0018947 1.0049092
  20 0.09099703 0.06510937 0.008091287 0.07680570 0.2566055    0.001455890  2000 0.9991936 0.9994409
  21 0.11176721 0.06531169 0.021187355 0.10066850 0.2695597    0.001498353  1900 1.0017325 1.0028463
  22 0.07976505 0.05891552 0.006134947 0.06593065 0.2179323    0.001232769  2284 1.0008507 1.0034257
  23 0.08631312 0.06278238 0.007469974 0.07295600 0.2471728    0.001403857  2000 1.0000158 1.0015250
  24 0.08312578 0.05978648 0.006879679 0.07095575 0.2222713    0.001282842  2172 1.0010447 1.0039265
  25 0.08967108 0.06468528 0.007077842 0.07596530 0.2534603    0.001370094  2229 1.0018479 1.0058368
  26 0.08283901 0.06000195 0.007794937 0.06979660 0.2216391    0.001360172  1946 1.0014643 1.0046781
  27 0.08232325 0.05880369 0.006662815 0.06969490 0.2285184    0.001314890  2000 1.0010950 1.0043136
  28 0.08626058 0.06204135 0.007906237 0.07384495 0.2343851    0.001387287  2000 0.9995873 1.0006837
  29 0.08217367 0.06158701 0.006179864 0.06910825 0.2355273    0.001452427  1798 1.0025069 1.0069847
  30 0.08769485 0.06626998 0.005805363 0.07285150 0.2601611    0.001491191  1975 1.0015580 1.0054307
  31 0.09019196 0.06485153 0.007068891 0.07618460 0.2476973    0.001580335  1684 1.0038901 1.0083243
  32 0.08687895 0.06275788 0.006217122 0.07429715 0.2476970    0.001448173  1878 1.0009596 1.0035342
  33 0.08370625 0.05956095 0.006427712 0.07185295 0.2303628    0.001363197  1909 1.0032430 1.0096364
  34 0.08531750 0.06194257 0.007052079 0.07184160 0.2409765    0.001377522  2022 1.0010753 1.0043850
  35 0.09071390 0.06398440 0.009767610 0.07716820 0.2635865    0.001459857  1921 1.0005488 1.0014317
  36 0.08971710 0.06429930 0.007195562 0.07600185 0.2514198    0.001558571  1702 1.0018725 1.0065007
  37 0.09179351 0.06635713 0.007759691 0.07811425 0.2551671    0.001506561  1940 1.0004497 1.0006383
  38 0.08175284 0.05962644 0.007412581 0.06775315 0.2327843    0.001301776  2098 0.9998378 1.0001481
  39 0.07863140 0.05778356 0.005877911 0.06594200 0.2165588    0.001335523  1872 0.9998958 1.0012312
  40 0.08022469 0.05858306 0.005793883 0.06758120 0.2223944    0.001328349  1945 0.9995739 0.9998984
  41 0.09048605 0.06719843 0.007593891 0.07545050 0.2544335    0.001502603  2000 1.0002577 1.0013139
  42 0.07833840 0.05672110 0.006841657 0.06646215 0.2137448    0.001183231  2298 1.0001523 1.0016347
  43 0.08594021 0.06143091 0.007237627 0.07368455 0.2441775    0.001352173  2064 1.0007987 1.0017695
  44 0.08715968 0.06143841 0.006726831 0.07275470 0.2346092    0.001329973  2134 1.0057040 1.0098198
  45 0.08980755 0.06640482 0.008595372 0.07503890 0.2501947    0.001528265  1888 1.0016740 1.0045179
  46 0.08004192 0.05732988 0.006703983 0.06875475 0.2240850    0.001208083  2252 1.0049111 1.0113956
  47 0.08389981 0.06155565 0.006898853 0.07155070 0.2373606    0.001464781  1766 1.0008409 1.0027967
  48 0.08755222 0.06209277 0.008363536 0.07339435 0.2409624    0.001461917  1804 1.0026709 1.0096797
  49 0.12202286 0.07183208 0.022923730 0.10967200 0.2949639    0.001559725  2121 0.9991175 0.9993395
  50 0.07769509 0.05459173 0.006709487 0.06780465 0.2124406    0.001220708  2000 1.0020185 1.0069394
  51 0.08047968 0.05728629 0.006407328 0.06765205 0.2181606    0.001317013  1892 1.0014172 1.0056461
  52 0.09254218 0.06819789 0.008150314 0.07739065 0.2573076    0.001524951  2000 0.9993884 0.9996880
  53 0.10953686 0.06523235 0.022088812 0.09726855 0.2680371    0.001558906  1751 1.0033360 1.0103880
  54 0.08368609 0.06129431 0.006113434 0.07019510 0.2358509    0.001370582  2000 1.0000760 1.0013359
  55 0.08978673 0.06609905 0.006025410 0.07573515 0.2609414    0.001478020  2000 1.0008161 1.0038366
  56 0.08706999 0.06479104 0.005999102 0.07345950 0.2620171    0.001500694  1864 1.0029471 1.0075222
  57 0.08633437 0.06195097 0.007478831 0.07051785 0.2390962    0.001432225  1871 1.0017488 1.0043285
  58 0.08841257 0.06626049 0.007453914 0.07409420 0.2558351    0.001481630  2000 1.0077321 1.0154334
  59 0.08625222 0.06327388 0.006651135 0.07322540 0.2382818    0.001409921  2014 1.0003921 1.0011521
  60 0.08016514 0.05935577 0.007301374 0.06708660 0.2268899    0.001319995  2022 1.0015155 1.0027576
  61 0.07980688 0.05780869 0.006228065 0.06881545 0.2226056    0.001292642  2000 1.0033183 1.0073509
  62 0.07988347 0.05679071 0.005969101 0.06695420 0.2156751    0.001269879  2000 0.9993356 0.9998376
  63 0.08813344 0.06501745 0.007661156 0.07447920 0.2504645    0.001420489  2095 1.0032197 1.0062498
  64 0.16655341 0.09191426 0.040392403 0.14886800 0.3950460    0.002087344  1939 1.0007625 1.0015813
  65 0.09100854 0.06747422 0.007832347 0.07618870 0.2571048    0.001588618  1804 1.0043396 1.0078294
  66 0.07896536 0.05711271 0.005719021 0.06752365 0.2158745    0.001277079  2000 0.9995565 1.0001289
  67 0.08836639 0.06454445 0.005716589 0.07585675 0.2461889    0.001414211  2083 1.0004381 1.0009666
  68 0.08879430 0.06602498 0.009308993 0.07268990 0.2534699    0.001547649  1820 1.0022008 1.0076903
  69 0.09230577 0.06679461 0.008127697 0.07841905 0.2544050    0.001478858  2040 1.0026767 1.0074626
  70 0.08899651 0.06691412 0.007218639 0.07538015 0.2557312    0.001431830  2184 1.0006163 1.0013786
  71 0.09030262 0.06678029 0.005977682 0.07623690 0.2568363    0.001551772  1852 1.0058813 1.0129591
  72 0.08487637 0.06077487 0.005819183 0.07267700 0.2301009    0.001390252  1911 1.0029527 1.0076152
  73 0.08365414 0.06092605 0.007940908 0.07173575 0.2328045    0.001227639  2463 1.0034212 1.0091624
  74 0.09076766 0.06243711 0.009134582 0.07820265 0.2514655    0.001396136  2000 1.0001067 1.0019789
  75 0.08011268 0.05714796 0.006056837 0.06803665 0.2206889    0.001264348  2043 0.9999976 1.0008953
  76 0.09144161 0.06689213 0.006386552 0.07776660 0.2551922    0.001521455  1933 1.0048359 1.0085801
  77 0.08904780 0.06526197 0.008693627 0.07611000 0.2532720    0.001492507  1912 1.0003394 1.0021157
  78 0.08159575 0.05988321 0.007806308 0.06868180 0.2270945    0.001340706  1995 1.0016618 1.0032847
  79 0.08317178 0.05849657 0.006856287 0.07040975 0.2268342    0.001374584  1811 1.0001692 1.0012927
  80 0.08544139 0.06332722 0.006971240 0.07251270 0.2533561    0.001379943  2106 1.0003297 1.0024777
  81 0.12518467 0.07454802 0.021970960 0.11088100 0.3159210    0.001666944  2000 1.0010875 1.0038741
  82 0.08786444 0.06387282 0.007886155 0.07451435 0.2493886    0.001428240  2000 1.0002834 1.0021209
  83 0.08385408 0.06217198 0.006350864 0.07097840 0.2442853    0.001385024  2015 1.0010857 1.0028175
  84 0.08869213 0.06465337 0.006993320 0.07457535 0.2565525    0.001247029  2688 1.0016983 1.0029311
  85 0.09017124 0.06466854 0.009078976 0.07660260 0.2491791    0.001446033  2000 1.0010105 1.0021536
  86 0.08227448 0.06064471 0.005895717 0.06867005 0.2225774    0.001356057  2000 0.9994592 0.9997140
Parameter  t1m 
    Statistic
ID        Mean        SD       2.5%       50%     97.5% Time-series SE n.eff      Rhat     R_95%
  1  0.3038986 0.1270312 0.08117890 0.2980265 0.5699918    0.002887073  1936 1.0010663 1.0048795
  2  0.3348298 0.1384278 0.08451418 0.3277175 0.6284179    0.002804688  2436 1.0014897 1.0058653
  3  0.6312958 0.1521528 0.34395390 0.6329595 0.9193745    0.004052009  1410 1.0003413 1.0026898
  4  0.3813010 0.1785148 0.07111775 0.3721490 0.7644388    0.003812017  2193 1.0040414 1.0133002
  5  0.3695959 0.1466209 0.10322075 0.3620670 0.6679236    0.003215649  2079 1.0006180 1.0032161
  6  0.2934440 0.1491437 0.04749143 0.2804625 0.6222623    0.003492148  1824 1.0004338 1.0014680
  7  0.4662889 0.1545774 0.19029865 0.4569185 0.7847441    0.003424920  2037 1.0019260 1.0076249
  8  0.4557324 0.1727915 0.14295583 0.4484280 0.8101550    0.003946493  1917 1.0013456 1.0058794
  9  0.4673089 0.1599084 0.17818725 0.4586270 0.8038685    0.003486997  2103 1.0010172 1.0047606
  10 0.5167403 0.1487204 0.24373805 0.5129825 0.8076730    0.003468004  1839 1.0011633 1.0048866
  11 0.3244536 0.1637220 0.04961431 0.3128725 0.6738830    0.003718076  1939 1.0002927 1.0025564
  12 0.4619358 0.1537695 0.17374330 0.4536315 0.7852820    0.003438390  2000 1.0037748 1.0124977
  13 0.3321356 0.1616544 0.05343008 0.3194200 0.6642187    0.003671121  1939 0.9994815 1.0000449
  14 0.5266272 0.1735353 0.21588397 0.5191535 0.8753282    0.004183092  1721 1.0000009 1.0018942
  15 0.4069930 0.1574617 0.12604598 0.4007730 0.7348433    0.003653020  1858 0.9996012 1.0004634
  16 0.3598351 0.1263041 0.13606690 0.3522525 0.6228369    0.002720783  2155 1.0000890 1.0019123
  17 0.5086225 0.1565738 0.22600825 0.5040235 0.8257758    0.003570504  1923 1.0004286 1.0020658
  18 0.2895725 0.1465451 0.04772461 0.2807705 0.5901210    0.003369966  1891 1.0003707 1.0026026
  19 0.4587413 0.1747290 0.15392168 0.4477740 0.8179803    0.003979345  1928 1.0047600 1.0155385
  20 0.4135020 0.1594119 0.13010015 0.4030885 0.7499812    0.003539865  2028 1.0018008 1.0058907
  21 0.5208218 0.1716844 0.21283590 0.5091420 0.8661124    0.003814268  2026 0.9995633 1.0002522
  22 0.5128836 0.1491348 0.23907872 0.5080330 0.8096295    0.003426802  1894 1.0003195 1.0022909
  23 0.2638510 0.1382064 0.03892330 0.2564420 0.5574240    0.003300938  1753 1.0010407 1.0046766
  24 0.4654427 0.1559081 0.18246240 0.4531505 0.7870517    0.003486210  2000 0.9994277 1.0001507
  25 0.3853675 0.1784813 0.07517739 0.3662800 0.7711902    0.004069023  1924 0.9998535 1.0008642
  26 0.2394374 0.1318544 0.02650231 0.2282215 0.5144490    0.003217875  1679 1.0007386 1.0038894
  27 0.2262004 0.1232907 0.03015843 0.2180425 0.4837768    0.002904376  1802 0.9997156 1.0009835
  28 0.4059652 0.1579812 0.11747538 0.3950765 0.7381197    0.003522016  2012 0.9998118 1.0011250
  29 0.6410172 0.1494558 0.35661233 0.6451715 0.9186123    0.003896786  1471 0.9998254 1.0010049
  30 0.3288390 0.1570807 0.06127003 0.3223440 0.6551965    0.003440091  2085 1.0003356 1.0014571
  31 0.3299719 0.1595904 0.05422797 0.3196350 0.6810404    0.003568550  2000 1.0001039 1.0023081
  32 0.5846738 0.1411227 0.31329088 0.5867085 0.8512459    0.003345869  1779 1.0011404 1.0033699
  33 0.2665943 0.1411951 0.03617734 0.2540105 0.5742670    0.003157218  2000 1.0013111 1.0052325
  34 0.3618621 0.1491190 0.09899235 0.3502085 0.6834112    0.003160606  2226 1.0038111 1.0126763
  35 0.3882428 0.1369880 0.13982543 0.3797610 0.6733580    0.002947513  2160 1.0006800 1.0027090
  36 0.3713589 0.1771767 0.06483184 0.3569660 0.7501294    0.003961792  2000 1.0023099 1.0087636
  37 0.2860216 0.1215006 0.07981567 0.2802065 0.5418136    0.002716836  2000 0.9997059 1.0003420
  38 0.2844263 0.1239646 0.06925056 0.2737410 0.5344299    0.002771933  2000 0.9995223 1.0001438
  39 0.3022255 0.1302854 0.07893011 0.2945535 0.5751897    0.003009615  1874 1.0020607 1.0052679
  40 0.2928037 0.1475400 0.04352718 0.2833950 0.6029264    0.003355784  1933 0.9991999 0.9994579
  41 0.3627829 0.1417404 0.10029747 0.3589925 0.6498059    0.003093766  2099 0.9999288 1.0003156
  42 0.2597762 0.1379559 0.03957777 0.2430530 0.5596666    0.003323515  1723 1.0009138 1.0037238
  43 0.2997368 0.1279515 0.07861096 0.2922435 0.5811076    0.002910997  1932 1.0018161 1.0068451
  44 0.3642232 0.1447287 0.11535698 0.3566445 0.6711681    0.003236232  2000 1.0000633 1.0021229
  45 0.2918518 0.1482982 0.04191919 0.2844690 0.5957348    0.003436736  1862 1.0011277 1.0033152
  46 0.4053971 0.1583627 0.12687955 0.4000765 0.7452054    0.003530521  2012 1.0014057 1.0045211
  47 0.4063758 0.1596816 0.13069508 0.3949670 0.7338963    0.003563470  2008 1.0000523 1.0008872
  48 0.2970803 0.1496919 0.04032908 0.2888820 0.6207054    0.003436883  1897 0.9993062 0.9993684
  49 0.2422012 0.1294645 0.02988196 0.2339735 0.5149755    0.002969339  1901 1.0016752 1.0058732
  50 0.3326519 0.1377447 0.09379868 0.3236190 0.6297945    0.003011577  2092 0.9998663 1.0003908
  51 0.2431533 0.1288575 0.03492787 0.2335620 0.5106933    0.002968721  1884 1.0033350 1.0104609
  52 0.3768221 0.1773638 0.07367257 0.3671495 0.7500860    0.003965975  2000 1.0015087 1.0056687
  53 0.3686706 0.1471061 0.10617658 0.3552500 0.6765958    0.003160832  2166 0.9999656 1.0003251
  54 0.3747463 0.1794407 0.07111988 0.3642890 0.7551129    0.003953551  2060 1.0020278 1.0049342
  55 0.4270928 0.1457261 0.16529880 0.4199385 0.7300081    0.003428139  1807 1.0021304 1.0067734
  56 0.2663022 0.1359951 0.04166484 0.2580625 0.5624296    0.003040944  2000 1.0014758 1.0032724
  57 0.2966045 0.1506194 0.04342439 0.2888370 0.6061242    0.003374708  1992 1.0009333 1.0044928
  58 0.3557110 0.1453742 0.09419414 0.3483580 0.6564111    0.003236136  2018 0.9998038 1.0008920
  59 0.3272555 0.1602153 0.05576102 0.3170175 0.6746804    0.003647857  1929 1.0003058 1.0016143
  60 0.4092098 0.1576889 0.12837767 0.3964795 0.7388167    0.003545586  1978 1.0032840 1.0104326
  61 0.3614898 0.1459498 0.09913501 0.3554915 0.6587624    0.003291635  1966 1.0034758 1.0117614
  62 0.3292688 0.1356792 0.08619029 0.3214715 0.6110634    0.003033878  2000 1.0002208 1.0018771
  63 0.2671879 0.1374309 0.03935927 0.2598370 0.5604393    0.003220545  1821 1.0009049 1.0037758
  64 0.5507247 0.1468371 0.27459040 0.5460275 0.8479438    0.003677830  1594 1.0010931 1.0038145
  65 0.4220730 0.1480036 0.15736603 0.4120065 0.7242971    0.003542014  1746 1.0009614 1.0021438
  66 0.2256264 0.1230225 0.02664031 0.2129795 0.4980651    0.003293801  1395 1.0009122 1.0045332
  67 0.2903690 0.1467944 0.04371349 0.2815500 0.6093876    0.003336237  1936 1.0015555 1.0053466
  68 0.2927297 0.1450266 0.04366351 0.2858895 0.6022307    0.003298617  1933 0.9997354 1.0009386
  69 0.4621922 0.1530451 0.17556237 0.4568250 0.7727982    0.003422193  2000 1.0004839 1.0018169
  70 0.2608059 0.1370473 0.03230510 0.2534025 0.5426350    0.003064472  2000 1.0014099 1.0053721
  71 0.4166502 0.1409830 0.15749260 0.4134720 0.7194272    0.002697776  2731 1.0000701 1.0018465
  72 0.4701290 0.1406189 0.20397565 0.4648270 0.7579698    0.003144333  2000 1.0006613 1.0039633
  73 0.4047283 0.1593645 0.12827600 0.3959090 0.7416768    0.003134451  2585 1.0023973 1.0080906
  74 0.3855414 0.1773432 0.07572069 0.3753060 0.7620001    0.003965514  2000 1.0016479 1.0063447
  75 0.4551301 0.1701896 0.15597195 0.4434090 0.8249636    0.003882007  1922 1.0002959 1.0019130
  76 0.2678670 0.1431040 0.03195807 0.2536775 0.5673256    0.003134751  2084 1.0024711 1.0068221
  77 0.5229374 0.1695218 0.21281627 0.5075680 0.8699385    0.003777425  2014 1.0024852 1.0088895
  78 0.3329292 0.1383578 0.08557767 0.3252490 0.6243907    0.003093774  2000 1.0005701 1.0034537
  79 0.3679639 0.1453139 0.11490405 0.3592270 0.6787113    0.003383970  1844 0.9999772 1.0008989
  80 0.4734291 0.1531735 0.19380635 0.4634130 0.7828017    0.003336962  2107 1.0006249 1.0039002
  81 0.3890540 0.1408754 0.14329620 0.3816025 0.6848372    0.003246460  1883 1.0005459 1.0025489
  82 0.2654787 0.1399737 0.03584653 0.2606050 0.5689683    0.003233416  1874 1.0019263 1.0064018
  83 0.6034293 0.1610860 0.29706075 0.6045745 0.9051467    0.004190063  1478 1.0042716 1.0137775
  84 0.3723443 0.1744426 0.06202559 0.3619995 0.7527783    0.003900656  2000 0.9995813 1.0003911
  85 0.3814846 0.1838869 0.06561922 0.3713375 0.7799124    0.004042692  2069 0.9996025 0.9998026
  86 0.5172116 0.1509770 0.23109865 0.5147105 0.8174691    0.003654214  1707 1.0016530 1.0072225


#################################
#### Transformed Parameters (Group level)
              Mean         SD       2.5%        50%      97.5% Time-series SE n.eff     Rhat    R_95%
deltal  -0.2568466 0.03380937 -0.3240793 -0.2571925 -0.1898657   0.0007613488  1972 1.002424 1.006412
deltat1  0.2892594 0.04579272  0.1989570  0.2892460  0.3778168   0.0010296351  1978 1.000183 1.002285


#################################
#### Model information
$model
[1] "betaMPT"

$thetaNames
  Parameter theta
1        le     1
2        lm     2
3       t1e     3
4       t1m     4

$thetaUnique
[1] "le"  "lm"  "t1e" "t1m"

$thetaFixed
NULL

$MPT
  Tree Category                      Equation            Eqn
1  T_E       E1     (1-theta[1,n])*theta[3,n]     (1-le)*t1e
2  T_E       E2 (1-theta[1,n])*(1-theta[3,n]) (1-le)*(1-t1e)
3  T_E       EL                    theta[1,n]             le
4  T_M       M1     (1-theta[2,n])*theta[4,n]     (1-lm)*t1m
5  T_M       M2 (1-theta[2,n])*(1-theta[4,n]) (1-lm)*(1-t1m)
6  T_M       ML                    theta[2,n]             lm

$eqnfile
[1] "cat_linear_rank.eqn"

$data
   E1 E2 EL M1 M2 ML
1   0  4  2  1  4  1
2   0  0  6  1  3  2
3   0  2  4  5  0  1
4   0  2  4  0  0  6
5   0  1  5  1  2  3
6   0  1  5  0  2  4
7   0  2  4  2  1  3
8   0  2  4  1  0  5
9   1  2  3  2  1  3
10  0  0  6  3  1  2
11  0  0  6  0  1  5
12  0  1  5  2  1  3
13  0  0  6  0  1  5
14  1  1  4  2  0  4
15  0  0  6  1  1  4
16  1  2  3  2  4  0
17  0  2  4  3  1  2
18  0  2  4  0  2  4
19  0  2  4  1  0  5
20  0  0  6  1  1  4
21  1  3  2  2  0  4
22  0  2  4  3  1  2
23  0  1  5  0  3  3
24  0  2  4  2  1  3
25  0  0  6  0  0  6
26  0  2  4  0  4  2
27  0  2  4  0  5  1
28  0  1  5  1  1  4
29  0  2  4  5  0  1
30  0  1  5  0  1  5
31  0  0  6  0  1  5
32  0  1  5  5  1  0
33  0  2  4  0  3  3
34  0  1  5  1  2  3
35  0  0  6  2  3  1
36  0  0  6  0  0  6
37  0  0  6  1  5  0
38  0  2  4  1  5  0
39  0  3  3  1  4  1
40  0  3  3  0  2  4
41  0  0  6  1  2  3
42  0  3  3  0  3  3
43  0  1  5  1  4  1
44  0  1  5  1  2  3
45  0  0  6  0  2  4
46  0  3  3  1  1  4
47  0  2  4  1  1  4
48  0  1  5  0  2  4
49  1  1  4  0  4  2
50  0  3  3  1  3  2
51  0  2  4  0  4  2
52  0  0  6  0  0  6
53  1  4  1  1  2  3
54  0  1  5  0  0  6
55  0  0  6  2  2  2
56  0  1  5  0  3  3
57  0  1  5  0  2  4
58  0  1  5  1  2  3
59  0  1  5  0  1  5
60  0  3  3  1  1  4
61  0  3  3  1  2  3
62  0  3  3  1  3  2
63  0  1  5  0  3  3
64  2  0  4  4  1  1
65  0  0  6  2  2  2
66  0  3  3  0  5  1
67  0  0  6  0  2  4
68  0  0  6  0  2  4
69  0  0  6  2  1  3
70  0  0  6  0  3  3
71  0  0  6  2  2  2
72  0  1  5  3  2  1
73  0  2  4  1  1  4
74  0  0  6  0  0  6
75  0  2  4  1  0  5
76  0  0  6  0  3  3
77  0  0  6  2  0  4
78  0  2  4  1  3  2
79  0  2  4  1  2  3
80  0  1  5  2  1  3
81  1  1  4  2  3  1
82  0  0  6  0  3  3
83  0  1  5  4  0  2
84  0  0  6  0  0  6
85  0  0  6  0  0  6
86  0  2  4  3  1  2

$restrictions
NULL

$covData
NULL

$corProbit
[1] FALSE

$predTable
NULL

$predFactorLevels
NULL

$predType
NULL

$transformedParameters
[1] "deltal"  "deltat1"

$hyperprior
$hyperprior$alpha
                 le                  lm                 t1e                 t1m 
"dgamma(1,.1)T(1,)" "dgamma(1,.1)T(1,)" "dgamma(1,.1)T(1,)" "dgamma(1,.1)T(1,)" 

$hyperprior$beta
                 le                  lm                 t1e                 t1m 
"dgamma(1,.1)T(1,)" "dgamma(1,.1)T(1,)" "dgamma(1,.1)T(1,)" "dgamma(1,.1)T(1,)" 


