Call: 
traitMPT(eqnfile = "cat_linear_rank.eqn", data = "not_allow_indi.csv", 
    transformedParameters = list("deltal=lm-le", "deltat1 = t1m-t1e"), 
    n.iter = 1e+05, n.burnin = 50000, n.thin = 100, n.chains = 4, 
    modelfilename = "linear_traitMPT.jags", parEstFile = "results_fit_linear_traitMPT.txt")

Group-level medians of MPT parameters (probability scale):
          Mean    SD  2.5%   50% 97.5% Time-series SE n.eff  Rhat R_95%
mean_le  0.792 0.024 0.746 0.791 0.840          0.001  1907 1.002 1.008
mean_lm  0.521 0.033 0.461 0.521 0.590          0.001  1861 1.002 1.005
mean_t1e 0.053 0.031 0.005 0.050 0.122          0.001  1050 1.000 1.001
mean_t1m 0.335 0.051 0.239 0.335 0.433          0.001  1861 1.002 1.008

Mean/Median of latent-trait values (probit-scale) across individuals:
                Mean    SD   2.5%    50%  97.5% Time-series SE n.eff  Rhat R_95%
latent_mu_le   0.815 0.085  0.663  0.809  0.994          0.002  2372 1.002 1.009
latent_mu_lm   0.053 0.082 -0.098  0.053  0.227          0.002  1861 1.002 1.005
latent_mu_t1e -1.704 0.359 -2.565 -1.648 -1.166          0.010  1199 1.000 1.001
latent_mu_t1m -0.429 0.141 -0.711 -0.425 -0.168          0.003  1860 1.002 1.008

Standard deviation of latent-trait values (probit scale) across individuals:
                  Mean    SD  2.5%   50% 97.5% Time-series SE n.eff  Rhat R_95%
latent_sigma_le  0.412 0.122 0.173 0.411 0.649          0.003  1495 1.001 1.003
latent_sigma_lm  0.542 0.103 0.351 0.537 0.753          0.002  1868 1.002 1.006
latent_sigma_t1e 0.568 0.368 0.031 0.517 1.423          0.010  1417 0.999 1.000
latent_sigma_t1m 0.720 0.184 0.381 0.715 1.093          0.004  1835 1.001 1.003

Correlations of latent-trait values on probit scale:
               Mean    SD   2.5%    50% 97.5% Time-series SE n.eff  Rhat R_95%
rho[le,lm]    0.552 0.209  0.088  0.578 0.881          0.007   820 1.010 1.026
rho[le,t1e]  -0.310 0.395 -0.879 -0.381 0.563          0.022   319 1.002 1.003
rho[le,t1m]  -0.237 0.283 -0.756 -0.253 0.345          0.011   651 1.001 1.005
rho[lm,t1e]  -0.331 0.384 -0.883 -0.403 0.572          0.022   295 1.004 1.009
rho[lm,t1m]  -0.251 0.262 -0.738 -0.258 0.272          0.009   786 1.006 1.017
rho[t1e,t1m]  0.282 0.327 -0.480  0.318 0.805          0.013   681 1.001 1.003

Correlations (posterior mean estimates) in matrix form:
        le     lm    t1e    t1m
le   1.000  0.552 -0.310 -0.237
lm   0.552  1.000 -0.331 -0.251
t1e -0.310 -0.331  1.000  0.282
t1m -0.237 -0.251  0.282  1.000


##############
 Model fit statistics (posterior predictive p-values):
Use PPP(fittedModel) to get T1 and T2 posterior predictive checks.

Transformed parameters:
          Mean    SD   2.5%    50%  97.5% Time-series SE n.eff  Rhat R_95%
deltal  -0.270 0.036 -0.341 -0.270 -0.199          0.001  2073 1.001 1.006
deltat1  0.282 0.058  0.168  0.284  0.395          0.002  1374 1.002 1.009


#################################
#### Individual Parameter Estimates
Parameter  le 
    Statistic
ID        Mean         SD      2.5%       50%     97.5% Time-series SE n.eff      Rhat     R_95%
  1  0.6191548 0.12651371 0.3291951 0.6344300 0.8212589    0.002972066  1812 0.9998711 1.0015326
  2  0.8207120 0.08404405 0.6372735 0.8236650 0.9598666    0.001831377  2106 1.0005868 1.0005962
  3  0.6904444 0.10797185 0.4535691 0.7012400 0.8742485    0.002424040  1984 1.0004643 1.0018511
  4  0.7985887 0.08964726 0.5904664 0.8088315 0.9352071    0.002074746  1867 1.0026517 1.0070772
  5  0.7883922 0.08677543 0.5879814 0.7965035 0.9384446    0.001931685  2018 1.0016960 1.0031302
  6  0.8140327 0.08177583 0.6215414 0.8217620 0.9439435    0.001828563  2000 1.0003579 1.0012833
  7  0.7389493 0.09840051 0.5150938 0.7529805 0.9047271    0.002373337  1719 1.0061983 1.0162598
  8  0.7734172 0.09392829 0.5466639 0.7842935 0.9255618    0.002151468  1906 0.9999992 1.0013621
  9  0.6736015 0.10921500 0.4303187 0.6850670 0.8510606    0.002486659  1929 1.0056347 1.0155880
  10 0.8083950 0.08896060 0.6128708 0.8167130 0.9542693    0.002192052  1647 1.0008124 1.0038152
  11 0.8707943 0.06977184 0.7091629 0.8769465 0.9805994    0.001602786  1895 1.0004886 1.0031327
  12 0.7837698 0.08650289 0.5884166 0.7905970 0.9300503    0.001934263  2000 0.9999702 1.0000362
  13 0.8718048 0.06993407 0.7127002 0.8808375 0.9811472    0.001563773  2000 1.0000884 1.0012097
  14 0.7306708 0.10045697 0.5136488 0.7421435 0.8921710    0.002295597  1915 0.9996949 1.0005525
  15 0.8508043 0.07697512 0.6801057 0.8599170 0.9734269    0.001687386  2081 1.0017376 1.0058924
  16 0.6252994 0.11995146 0.3745767 0.6365745 0.8297593    0.002769422  1876 1.0019464 1.0064737
  17 0.7176393 0.10185541 0.4891219 0.7305820 0.8925802    0.002217394  2110 1.0005007 1.0026416
  18 0.7736025 0.09069177 0.5697738 0.7847825 0.9169829    0.001805191  2524 1.0006436 1.0024170
  19 0.7722937 0.09389017 0.5587102 0.7841345 0.9259548    0.002287284  1685 1.0011379 1.0042830
  20 0.8508205 0.07430621 0.6936060 0.8558995 0.9736284    0.001633202  2070 1.0001874 1.0016332
  21 0.6415107 0.11843389 0.3680130 0.6538360 0.8323631    0.002789964  1802 1.0001006 1.0019843
  22 0.7137945 0.10395350 0.4722553 0.7272395 0.8817938    0.002324471  2000 1.0018945 1.0077632
  23 0.8007280 0.08528924 0.6115255 0.8096030 0.9432027    0.001774166  2311 1.0004833 1.0027908
  24 0.7353585 0.09857868 0.4964523 0.7485340 0.8940516    0.002359855  1745 1.0008015 1.0038225
  25 0.8851966 0.06863415 0.7255394 0.8957120 0.9852982    0.001603969  1831 0.9998638 1.0008460
  26 0.7390874 0.09774652 0.5015610 0.7539685 0.8924381    0.002240691  1903 0.9993416 0.9999074
  27 0.7258331 0.10240978 0.4877037 0.7376485 0.8928645    0.002466453  1724 1.0008783 1.0032178
  28 0.8085624 0.08237041 0.6284482 0.8142680 0.9467302    0.001911975  1856 1.0021965 1.0082851
  29 0.6851992 0.10854905 0.4480934 0.6952385 0.8754086    0.002551448  1810 1.0010461 1.0047717
  30 0.8308560 0.07854125 0.6471799 0.8427105 0.9538276    0.001923091  1668 1.0001190 1.0011776
  31 0.8708617 0.07200175 0.7053843 0.8802090 0.9801083    0.001610008  2000 1.0003105 1.0021565
  32 0.7163057 0.10478847 0.4950887 0.7214220 0.9064571    0.002545239  1695 1.0048464 1.0124238
  33 0.7564557 0.09468989 0.5370377 0.7695970 0.9123277    0.002162118  1918 1.0006957 1.0029789
  34 0.7906337 0.08755490 0.5901142 0.8011355 0.9333847    0.001829228  2291 1.0022513 1.0079037
  35 0.7990635 0.08828187 0.6122576 0.8042640 0.9499132    0.002373031  1384 0.9996761 1.0008435
  36 0.8834771 0.07116180 0.7224140 0.8932385 0.9860559    0.001662586  1832 1.0035033 1.0098088
  37 0.7896429 0.09472566 0.5820324 0.7980800 0.9536735    0.002409924  1545 1.0019566 1.0061927
  38 0.6973136 0.10528043 0.4703843 0.7070535 0.8784915    0.002175011  2343 1.0050252 1.0136711
  39 0.6670056 0.11117530 0.4157474 0.6797030 0.8507040    0.002516335  1952 1.0006373 1.0029415
  40 0.7268256 0.10170053 0.5072300 0.7426050 0.8904711    0.002463703  1704 1.0006766 1.0024890
  41 0.8359622 0.07921034 0.6627315 0.8431870 0.9660527    0.001814347  1906 1.0039084 1.0136420
  42 0.7112090 0.10509835 0.4633287 0.7290605 0.8753974    0.002555028  1692 1.0007706 1.0035623
  43 0.7620291 0.09206016 0.5587419 0.7667650 0.9244742    0.002102619  1917 1.0007215 1.0036347
  44 0.7902971 0.08437494 0.6061704 0.7952955 0.9328481    0.001886681  2000 1.0013101 1.0043045
  45 0.8567362 0.07481083 0.6854747 0.8647540 0.9752382    0.001709990  1914 0.9997087 1.0004076
  46 0.7160965 0.10589448 0.4626728 0.7315770 0.8770352    0.002497345  1798 0.9994237 0.9998528
  47 0.7603236 0.09556387 0.5402418 0.7724085 0.9082879    0.002136873  2000 1.0000690 1.0017011
  48 0.8135908 0.08499171 0.6188848 0.8239940 0.9490921    0.001945752  1908 1.0038320 1.0117443
  49 0.7192846 0.10399448 0.4923315 0.7321750 0.8943436    0.002395271  1885 1.0007542 1.0035165
  50 0.6805132 0.10963655 0.4315445 0.6958255 0.8601758    0.002495610  1930 1.0009436 1.0049405
  51 0.7380226 0.09771105 0.5199925 0.7489035 0.8995253    0.002251741  1883 1.0000112 1.0017687
  52 0.8841424 0.06968908 0.7261213 0.8952080 0.9845547    0.001817633  1470 1.0025444 1.0071356
  53 0.5879385 0.13380907 0.3016337 0.6003740 0.8015226    0.003198648  1750 0.9994064 1.0000926
  54 0.8441678 0.07748460 0.6693792 0.8525225 0.9638774    0.001763749  1930 0.9996469 1.0004937
  55 0.8143002 0.08512117 0.6260396 0.8189650 0.9565526    0.001798112  2241 1.0009558 1.0048498
  56 0.8016234 0.08597236 0.5958541 0.8104900 0.9412805    0.001961021  1922 1.0013989 1.0045739
  57 0.8145005 0.08122348 0.6209715 0.8226450 0.9441120    0.001761985  2125 1.0016404 1.0022638
  58 0.7929486 0.08628605 0.5992015 0.8007380 0.9325083    0.001967664  1923 1.0002998 1.0017188
  59 0.8240165 0.07940331 0.6376896 0.8317605 0.9527011    0.001803689  1938 1.0007275 1.0034219
  60 0.7164387 0.10447321 0.4675799 0.7303880 0.8827342    0.002209867  2235 0.9995122 0.9996363
  61 0.7031208 0.10636981 0.4488733 0.7190480 0.8686863    0.002135096  2482 1.0045210 1.0153965
  62 0.6794797 0.10778167 0.4409515 0.6927925 0.8587531    0.002410071  2000 1.0002390 1.0016352
  63 0.7999060 0.08600372 0.6064129 0.8080770 0.9405967    0.002031647  1792 1.0020119 1.0073548
  64 0.6641246 0.11739062 0.4138283 0.6725925 0.8667037    0.002885589  1655 1.0027056 1.0093192
  65 0.8181285 0.08550689 0.6228999 0.8259805 0.9567092    0.001911992  2000 1.0012477 1.0043449
  66 0.6747611 0.11249291 0.4192055 0.6900060 0.8563243    0.002603473  1867 1.0011375 1.0041916
  67 0.8589770 0.07261157 0.7005446 0.8652045 0.9759988    0.001668020  1895 1.0049623 1.0153813
  68 0.8591110 0.07498032 0.6882666 0.8660920 0.9758587    0.001755156  1825 1.0004223 1.0028291
  69 0.8291734 0.08412346 0.6346802 0.8337440 0.9662370    0.001881058  2000 1.0001065 1.0023433
  70 0.8458561 0.07895005 0.6731306 0.8528300 0.9728993    0.001868673  1785 1.0016370 1.0071248
  71 0.8152862 0.08554044 0.6362779 0.8196385 0.9592918    0.002098875  1661 0.9999169 1.0005011
  72 0.7478858 0.09523961 0.5519511 0.7547240 0.9106595    0.002120629  2017 1.0038464 1.0128736
  73 0.7625534 0.09472237 0.5486922 0.7728025 0.9154720    0.002118057  2000 1.0023573 1.0085243
  74 0.8866283 0.06775325 0.7362855 0.8949765 0.9855526    0.001556415  1895 1.0005270 1.0028464
  75 0.7792424 0.08978935 0.5851834 0.7904510 0.9283631    0.001994334  2027 1.0006100 1.0017019
  76 0.8485073 0.07503126 0.6839917 0.8558225 0.9662626    0.001753948  1830 1.0028604 1.0104350
  77 0.8403511 0.07982984 0.6676652 0.8460305 0.9691279    0.001776631  2019 1.0001649 1.0007828
  78 0.7336377 0.09988720 0.5039932 0.7481395 0.8945830    0.002233546  2000 0.9992315 0.9995195
  79 0.7457096 0.09834595 0.5149042 0.7614290 0.9032253    0.002154307  2084 1.0016501 1.0060707
  80 0.7839429 0.08890669 0.5866133 0.7919770 0.9359363    0.002059262  1864 1.0018592 1.0068364
  81 0.6918601 0.10631474 0.4512259 0.7023425 0.8685426    0.002285414  2164 1.0017749 1.0049336
  82 0.8442218 0.07626784 0.6734425 0.8501170 0.9678817    0.001740114  1921 0.9993923 0.9998531
  83 0.7532341 0.09687238 0.5365771 0.7613495 0.9188316    0.002283304  1800 1.0000731 1.0021164
  84 0.8867318 0.06782156 0.7291847 0.8944670 0.9854575    0.001418191  2287 1.0006413 1.0019981
  85 0.8845624 0.06855446 0.7313253 0.8953215 0.9852313    0.001562095  1926 1.0010072 1.0043153
  86 0.7198430 0.10006154 0.4957129 0.7301355 0.8925886    0.002257282  1965 1.0043071 1.0138224
Parameter  lm 
    Statistic
ID        Mean        SD       2.5%       50%     97.5% Time-series SE n.eff      Rhat     R_95%
  1  0.3197085 0.1271481 0.09705237 0.3122010 0.5908867    0.002976312  1825 0.9999136 1.0017369
  2  0.4721945 0.1382000 0.20539948 0.4728305 0.7258522    0.003410527  1642 1.0006373 1.0031805
  3  0.3184312 0.1280956 0.09290660 0.3157085 0.5857007    0.003049032  1765 0.9993915 0.9995998
  4  0.7224475 0.1275120 0.45878763 0.7306600 0.9391905    0.002929955  1894 1.0041635 1.0140140
  5  0.5137094 0.1319015 0.25817275 0.5143305 0.7621829    0.002892133  2080 1.0010744 1.0038861
  6  0.6084514 0.1305246 0.33569398 0.6172340 0.8436459    0.003077350  1799 1.0012840 1.0045923
  7  0.4863231 0.1318603 0.23816525 0.4811375 0.7528363    0.003243229  1653 1.0000912 1.0017664
  8  0.6346289 0.1319326 0.36796655 0.6393840 0.8705853    0.003055831  1864 1.0000076 1.0019103
  9  0.4385450 0.1347434 0.19445008 0.4323090 0.7093942    0.003261300  1707 1.0032258 1.0117762
  10 0.4476181 0.1393110 0.18168705 0.4439270 0.7182022    0.003244180  1844 1.0017972 1.0067197
  11 0.7019681 0.1244758 0.44178540 0.7112775 0.9155304    0.002827535  1938 0.9999861 1.0006859
  12 0.5046566 0.1321709 0.24280847 0.5095150 0.7520135    0.002997697  1944 0.9997399 1.0002586
  13 0.7109276 0.1209251 0.44756715 0.7166240 0.9148761    0.002909005  1728 0.9998581 1.0010811
  14 0.5209147 0.1368770 0.26150545 0.5213705 0.7948597    0.003679277  1384 0.9994165 1.0001933
  15 0.6179713 0.1300873 0.34964215 0.6197910 0.8542560    0.003056017  1812 1.0039019 1.0136502
  16 0.2411714 0.1179932 0.05106914 0.2268005 0.5016022    0.002638409  2000 1.0003662 1.0024629
  17 0.4011258 0.1323302 0.16772893 0.3955095 0.6678531    0.002902928  2078 1.0002044 1.0023595
  18 0.5875757 0.1313838 0.31978443 0.5907370 0.8233204    0.002937832  2000 1.0059874 1.0201151
  19 0.6346561 0.1360783 0.35450888 0.6396810 0.8793583    0.003084731  1946 1.0009079 1.0048795
  20 0.6140769 0.1344576 0.34025200 0.6220640 0.8528501    0.003217831  1746 1.0003499 1.0020458
  21 0.4905257 0.1356949 0.23242555 0.4814125 0.7640378    0.003627895  1399 1.0004082 1.0033489
  22 0.4056950 0.1334069 0.16074395 0.4009145 0.6757690    0.003158499  1784 1.0011144 1.0034768
  23 0.5278884 0.1348875 0.27016975 0.5273715 0.7819395    0.003090467  1905 1.0007216 1.0031329
  24 0.4796853 0.1314843 0.22469115 0.4803130 0.7317021    0.002707135  2359 1.0030179 1.0101838
  25 0.7795481 0.1142172 0.53554813 0.7921045 0.9604897    0.002635626  1878 1.0015198 1.0056430
  26 0.4377950 0.1365213 0.17273960 0.4383140 0.7109682    0.003106772  1931 1.0011924 1.0055392
  27 0.3676410 0.1362217 0.12066315 0.3633550 0.6502529    0.003300950  1703 1.0015905 1.0069627
  28 0.5941384 0.1302784 0.33603475 0.5965680 0.8374989    0.003175634  1683 1.0010698 1.0044783
  29 0.3184281 0.1285101 0.09800184 0.3107205 0.5917879    0.003074616  1747 1.0006273 1.0007410
  30 0.6801929 0.1307888 0.41069098 0.6840415 0.9082846    0.003078450  1805 1.0001043 1.0022867
  31 0.7080032 0.1281337 0.43780885 0.7208510 0.9229324    0.002935729  1905 1.0002626 1.0012095
  32 0.2672017 0.1283621 0.05643421 0.2550295 0.5387792    0.003055375  1765 1.0010227 1.0045100
  33 0.5115091 0.1343724 0.24097188 0.5139425 0.7656425    0.003004658  2000 1.0005787 1.0034414
  34 0.5178821 0.1342250 0.25680077 0.5165240 0.7758286    0.002957330  2060 1.0003251 1.0023305
  35 0.3884840 0.1348259 0.14270830 0.3854410 0.6617925    0.003249996  1721 1.0041686 1.0139620
  36 0.7803992 0.1152329 0.52831855 0.7946020 0.9626256    0.002660480  1876 0.9997212 1.0000135
  37 0.3202303 0.1364746 0.08888621 0.3123000 0.6173522    0.003210501  1807 1.0011449 1.0042805
  38 0.2867518 0.1293148 0.06596432 0.2770920 0.5515878    0.003071100  1773 1.0044142 1.0152449
  39 0.3329846 0.1302211 0.10842215 0.3229810 0.6075118    0.003096993  1768 1.0009773 1.0026716
  40 0.5627274 0.1377595 0.28926625 0.5670780 0.8233980    0.002984213  2131 1.0003580 1.0018291
  41 0.5433982 0.1354057 0.27228008 0.5461550 0.7899104    0.003270632  1714 1.0049702 1.0166838
  42 0.4914290 0.1350493 0.22778828 0.4885330 0.7551563    0.003231991  1746 1.0017164 1.0050330
  43 0.3741349 0.1303617 0.12418140 0.3741430 0.6446664    0.003081225  1790 1.0001621 1.0019320
  44 0.5197397 0.1318459 0.26022545 0.5196170 0.7768053    0.002995725  1937 0.9996886 1.0003458
  45 0.6281554 0.1319196 0.34818843 0.6344085 0.8657724    0.003074557  1841 0.9997252 1.0011397
  46 0.5477265 0.1343301 0.29069680 0.5449140 0.8048296    0.003367737  1591 1.0019765 1.0073615
  47 0.5588592 0.1325032 0.30479898 0.5619225 0.8031408    0.003043840  1895 0.9998829 1.0005933
  48 0.6060119 0.1305621 0.34434188 0.6100065 0.8465758    0.002919457  2000 1.0052889 1.0182662
  49 0.4108382 0.1328759 0.17123010 0.4082415 0.6819440    0.003045978  1903 1.0010686 1.0032273
  50 0.3967295 0.1313679 0.15339572 0.3926515 0.6688649    0.003115468  1778 1.0069124 1.0212974
  51 0.4378153 0.1348717 0.18001588 0.4348790 0.6995607    0.003224972  1749 1.0008190 1.0044488
  52 0.7811631 0.1175091 0.52255950 0.7953500 0.9628309    0.002920439  1619 0.9999905 1.0018921
  53 0.4203487 0.1341528 0.18320735 0.4119465 0.6939732    0.003100609  1872 1.0009696 1.0050416
  54 0.7543642 0.1174694 0.50172660 0.7665755 0.9458220    0.002808857  1749 1.0042304 1.0130866
  55 0.4558767 0.1390208 0.18936390 0.4531995 0.7227850    0.002931467  2249 1.0021841 1.0078785
  56 0.5356472 0.1376602 0.27270163 0.5316820 0.8009432    0.002969547  2149 0.9996525 1.0005901
  57 0.6069398 0.1296146 0.34261880 0.6163525 0.8362307    0.002359752  3017 0.9992644 0.9996651
  58 0.5164966 0.1346573 0.25020558 0.5182630 0.7682797    0.003078735  1913 1.0015022 1.0058352
  59 0.6774730 0.1290512 0.41334620 0.6832980 0.9069986    0.003094656  1739 1.0006649 1.0032016
  60 0.5483899 0.1369052 0.28536215 0.5506880 0.8096132    0.003001844  2080 1.0000409 1.0019372
  61 0.4745226 0.1295284 0.22568198 0.4728600 0.7356821    0.002953761  1923 1.0022395 1.0089085
  62 0.4015487 0.1293066 0.15871270 0.4014785 0.6566234    0.002877035  2020 1.0009298 1.0040738
  63 0.5350663 0.1350790 0.26750382 0.5405150 0.7861338    0.003020459  2000 1.0000676 1.0013882
  64 0.2883594 0.1312956 0.07410743 0.2762680 0.5649779    0.003187199  1697 1.0003500 1.0028146
  65 0.4622876 0.1385217 0.18744458 0.4633550 0.7258090    0.003282356  1781 1.0011159 1.0051962
  66 0.3469342 0.1318708 0.11110052 0.3393570 0.6194755    0.003209686  1688 1.0011358 1.0047730
  67 0.6341142 0.1328760 0.36050647 0.6385640 0.8667618    0.003179981  1746 1.0002651 1.0011812
  68 0.6362817 0.1290066 0.36814388 0.6421300 0.8752798    0.002990464  1861 1.0009508 1.0048322
  69 0.5288716 0.1353562 0.26189452 0.5312320 0.7811188    0.003279015  1704 1.0010122 1.0032870
  70 0.5657040 0.1383221 0.28146358 0.5697550 0.8211774    0.003602823  1474 0.9997020 1.0008930
  71 0.4541738 0.1389145 0.19586687 0.4516300 0.7290594    0.003414670  1655 1.0012646 1.0057629
  72 0.3560380 0.1299320 0.11691853 0.3526340 0.6175231    0.002944647  1947 1.0015006 1.0063765
  73 0.5659247 0.1320054 0.30173680 0.5644165 0.8094076    0.002951731  2000 1.0025458 1.0091298
  74 0.7819768 0.1168076 0.52077915 0.7951605 0.9646998    0.002652664  1939 1.0008544 1.0036584
  75 0.6412098 0.1309503 0.38267370 0.6464855 0.8844664    0.003051965  1841 1.0033375 1.0108261
  76 0.5598146 0.1355674 0.28111412 0.5641925 0.8119503    0.003253721  1736 1.0020054 1.0076068
  77 0.5996135 0.1371921 0.32074575 0.6015225 0.8467137    0.003306075  1722 1.0003862 1.0028723
  78 0.4279231 0.1327683 0.18174522 0.4275715 0.6864897    0.002968788  2000 1.0001665 1.0017515
  79 0.4928766 0.1297054 0.24741847 0.4923830 0.7441236    0.002962423  1917 0.9999038 1.0015066
  80 0.5061276 0.1375674 0.22326375 0.5079790 0.7679405    0.003076101  2000 1.0003554 1.0017941
  81 0.3245412 0.1267381 0.10692680 0.3151305 0.5982304    0.002881155  1935 1.0004018 1.0008870
  82 0.5564955 0.1353554 0.28971920 0.5621175 0.8039438    0.003111823  1892 1.0006091 1.0030338
  83 0.4141629 0.1337050 0.17071480 0.4084685 0.6860060    0.003118709  1838 1.0002848 1.0027200
  84 0.7827445 0.1172226 0.51852038 0.8005395 0.9630523    0.002590277  2048 1.0008421 1.0034019
  85 0.7802420 0.1167810 0.53065218 0.7929765 0.9622274    0.002709251  1858 0.9998212 1.0010737
  86 0.4066235 0.1323355 0.16335335 0.4035780 0.6665851    0.003065984  1863 1.0023242 1.0058987
Parameter  t1e 
    Statistic
ID         Mean         SD         2.5%        50%     97.5% Time-series SE n.eff      Rhat     R_95%
  1  0.07776643 0.06572325 8.364849e-04 0.06572190 0.2386904    0.001519435  1871 1.0018796 1.0046291
  2  0.07211154 0.08088358 1.935638e-04 0.05341810 0.2661454    0.002057101  1546 1.0056145 1.0087178
  3  0.11286975 0.09771334 2.601789e-03 0.08864135 0.3758680    0.002421735  1628 1.0036486 1.0055910
  4  0.05354863 0.06191935 3.623564e-05 0.03871090 0.2016349    0.001758391  1240 1.0070790 1.0075958
  5  0.06712399 0.06585260 3.992505e-04 0.05430870 0.2226986    0.001612891  1667 1.0025910 1.0052989
  6  0.05623633 0.05917497 1.133025e-04 0.04087415 0.2073223    0.001596411  1374 1.0014616 1.0015846
  7  0.07419456 0.06681219 5.432035e-04 0.06055185 0.2470315    0.001539680  1883 1.0001005 1.0014493
  8  0.06580209 0.06407612 3.438731e-04 0.05003680 0.2513407    0.001589533  1625 1.0006418 1.0014410
  9  0.13844603 0.11198551 2.127700e-02 0.10516600 0.4732907    0.002737876  1673 0.9996834 1.0000799
  10 0.08901672 0.09341279 6.422398e-04 0.06726045 0.3583758    0.002088774  2000 1.0012974 1.0020674
  11 0.05768265 0.07722225 1.645174e-05 0.03554795 0.2572064    0.002506740   949 1.0049034 1.0072256
  12 0.07659172 0.07978199 7.907356e-04 0.05948605 0.2988684    0.001783980  2000 1.0063285 1.0070299
  13 0.05238300 0.06418380 2.020356e-05 0.03264425 0.2190693    0.001885314  1159 1.0155820 1.0198636
  14 0.14627471 0.12495410 1.948173e-02 0.10609200 0.5088414    0.002847229  1926 0.9995274 0.9999987
  15 0.06568186 0.07653240 8.343856e-05 0.04721070 0.2750163    0.001881818  1654 1.0053300 1.0072122
  16 0.15677838 0.12416481 2.440361e-02 0.12054400 0.4807595    0.002958822  1761 0.9993777 0.9993913
  17 0.08597390 0.07657977 1.375543e-03 0.07176265 0.2873004    0.001794072  1822 1.0007570 1.0010927
  18 0.05603142 0.05474335 1.758436e-04 0.04419795 0.1823295    0.001368584  1600 1.0073855 1.0105358
  19 0.06419101 0.06430514 2.099099e-04 0.05034355 0.2220830    0.001540270  1743 1.0024878 1.0059915
  20 0.06700980 0.07960050 1.355707e-04 0.04632240 0.2621532    0.002284580  1214 1.0017437 1.0022074
  21 0.13527824 0.10327365 2.238396e-02 0.10358100 0.4233747    0.002043121  2555 1.0010484 1.0026099
  22 0.08400290 0.07626130 1.002687e-03 0.06835340 0.2840329    0.001836689  1724 1.0003293 1.0011928
  23 0.06025403 0.05902861 1.518139e-04 0.04613465 0.2047788    0.001442729  1674 1.0005713 1.0009127
  24 0.07477450 0.06566879 4.551271e-04 0.06295960 0.2488585    0.001637122  1609 1.0058823 1.0124556
  25 0.05122045 0.06542389 6.139478e-06 0.03050155 0.2067861    0.002224479   865 0.9995202 0.9995554
  26 0.06373101 0.06112153 1.673752e-04 0.05094805 0.2199029    0.001419896  1853 1.0011413 1.0029674
  27 0.06754772 0.06545269 3.846817e-04 0.05511955 0.2186466    0.001490644  1928 1.0014612 1.0028806
  28 0.06598071 0.06923789 1.966976e-04 0.05211105 0.2623317    0.001739667  1584 1.0013251 1.0021441
  29 0.11294038 0.09738338 2.657321e-03 0.08710450 0.3660576    0.002620523  1381 0.9997909 1.0007724
  30 0.05433482 0.06424761 3.407039e-05 0.03665615 0.2110004    0.001898691  1145 1.0048028 1.0070299
  31 0.05260647 0.06439046 2.024687e-05 0.03408185 0.2239945    0.001876069  1178 1.0090910 1.0115604
  32 0.11578789 0.10764319 3.043513e-03 0.08655455 0.4141801    0.002749258  1533 1.0031313 1.0058035
  33 0.05963224 0.05811667 2.789189e-04 0.04685710 0.2030197    0.001394042  1738 1.0052168 1.0070902
  34 0.06858037 0.06654665 3.665979e-04 0.05522255 0.2523579    0.001534376  1881 1.0015633 1.0034389
  35 0.08412422 0.08767630 5.751450e-04 0.06356715 0.3252775    0.001964928  1991 1.0022287 1.0027193
  36 0.05692069 0.08557076 7.111664e-06 0.03053745 0.2841324    0.002583581  1097 1.0022753 1.0030623
  37 0.08456976 0.09255025 2.887521e-04 0.06310665 0.3387225    0.002252638  1688 1.0187599 1.0328286
  38 0.08233538 0.07541273 9.134681e-04 0.06559925 0.2888688    0.001827953  1702 1.0022895 1.0040073
  39 0.07724563 0.06719231 6.308331e-04 0.06396710 0.2365137    0.001579357  1810 1.0049872 1.0082997
  40 0.06027240 0.05748189 2.283650e-04 0.04852415 0.1985668    0.001337150  1848 1.0025758 1.0046384
  41 0.06572782 0.07396978 1.234097e-04 0.04863150 0.2581921    0.001854468  1591 1.0002031 1.0010452
  42 0.06088718 0.05461037 4.151055e-04 0.05085290 0.2026005    0.001328802  1689 1.0035706 1.0056368
  43 0.07281341 0.06639123 4.932080e-04 0.06050695 0.2449352    0.001484553  2000 1.0027028 1.0064826
  44 0.06673763 0.06649368 3.622756e-04 0.05366420 0.2339518    0.001605641  1715 1.0006561 1.0016036
  45 0.05690654 0.07145927 5.413897e-05 0.03712645 0.2246570    0.001829285  1526 1.0098747 1.0108526
  46 0.06363823 0.05683609 4.239365e-04 0.05392290 0.1996814    0.001217016  2181 1.0039031 1.0060694
  47 0.06570238 0.06268184 3.182667e-04 0.05205890 0.2273507    0.001557343  1620 1.0012985 1.0029374
  48 0.05673560 0.06303374 5.797220e-05 0.04309140 0.2113408    0.001556033  1641 1.0084579 1.0116462
  49 0.13262972 0.11866357 1.500726e-02 0.09569905 0.4974086    0.002719468  1904 1.0029542 1.0049425
  50 0.07289573 0.06457856 7.786547e-04 0.06126585 0.2295822    0.001444021  2000 1.0012563 1.0028948
  51 0.06397239 0.05915281 3.089212e-04 0.05262875 0.2132510    0.001394245  1800 1.0080757 1.0138577
  52 0.05493811 0.07676614 2.081681e-06 0.03238105 0.2431125    0.002321986  1093 1.0073091 1.0101421
  53 0.12350687 0.09004180 1.435135e-02 0.10037200 0.3676089    0.002235727  1622 1.0000447 1.0019240
  54 0.05203129 0.06054088 1.388672e-05 0.03602440 0.1959848    0.001968354   946 1.0042888 1.0063667
  55 0.08231667 0.09052658 5.564300e-04 0.06288810 0.3183616    0.002219215  1664 1.0035949 1.0055565
  56 0.05960414 0.06155435 6.706504e-05 0.04462460 0.2349199    0.001596259  1487 1.0017936 1.0058855
  57 0.05569508 0.05762367 5.843552e-05 0.04159715 0.1946764    0.001627242  1254 1.0009342 1.0026439
  58 0.06631351 0.06956931 2.614679e-04 0.05277315 0.2378305    0.001582757  1932 1.0011799 1.0019721
  59 0.05439633 0.06184573 1.976794e-05 0.03735625 0.2002212    0.001725274  1285 1.0095370 1.0135835
  60 0.06519923 0.05834367 3.638080e-04 0.05329305 0.2098562    0.001350997  1865 1.0037085 1.0049501
  61 0.06825323 0.06028669 7.337353e-04 0.05706995 0.2254076    0.001385626  1893 1.0064173 1.0148150
  62 0.07449836 0.06401336 8.594011e-04 0.06247565 0.2451225    0.001472447  1890 1.0004219 1.0027789
  63 0.06003223 0.06333087 1.231207e-04 0.04609645 0.2198873    0.001765331  1287 1.0020545 1.0027561
  64 0.26993585 0.21101249 4.984702e-02 0.19438300 0.8514775    0.005461076  1493 0.9995056 1.0003230
  65 0.08131919 0.08928507 3.070705e-04 0.06070010 0.3163424    0.002137377  1745 1.0037526 1.0052590
  66 0.07158927 0.06725354 5.598013e-04 0.05749220 0.2573409    0.001716568  1535 0.9994568 1.0001309
  67 0.05755029 0.07276343 2.347464e-05 0.03934210 0.2251278    0.002070521  1235 1.0064552 1.0074851
  68 0.05692493 0.06960472 2.207184e-05 0.03824545 0.2256258    0.002092961  1106 1.0027669 1.0029457
  69 0.07717242 0.08971345 2.707541e-04 0.05585735 0.3117203    0.002408903  1387 1.0019136 1.0023835
  70 0.05935618 0.07283427 5.668938e-05 0.04046780 0.2390571    0.002009269  1314 1.0016093 1.0025198
  71 0.08354135 0.08938185 3.959172e-04 0.06386910 0.3200901    0.001998639  2000 1.0024726 1.0027609
  72 0.09117460 0.09130959 9.293319e-04 0.06978790 0.3372276    0.002167902  1774 1.0005408 1.0009275
  73 0.06394054 0.05806269 4.516559e-04 0.05201345 0.2114685    0.001389155  1747 1.0030346 1.0058343
  74 0.05414548 0.07973020 3.380883e-06 0.02905930 0.2425908    0.002364518  1137 1.0092208 1.0114002
  75 0.06255834 0.06062804 1.116356e-04 0.04915970 0.2205695    0.001422316  1817 1.0004828 1.0013761
  76 0.06278048 0.07820074 5.705587e-05 0.04295210 0.2514310    0.001950756  1607 1.0058004 1.0094854
  77 0.07691088 0.08300397 9.964005e-05 0.05641615 0.3050163    0.002102883  1558 0.9996404 1.0004804
  78 0.06873896 0.05989320 6.216833e-04 0.05699790 0.2253200    0.001368652  1915 1.0021475 1.0041400
  79 0.06751790 0.06379872 5.478214e-04 0.05491785 0.2371974    0.001493824  1824 1.0057705 1.0098499
  80 0.07426701 0.07126259 4.107821e-04 0.05938940 0.2624876    0.001593480  2000 1.0019061 1.0035692
  81 0.15423472 0.12767974 2.380957e-02 0.11229300 0.5238670    0.003144211  1649 1.0033909 1.0083494
  82 0.06085621 0.07143602 4.656993e-05 0.04334110 0.2269851    0.001959543  1329 1.0225540 1.0377731
  83 0.10086707 0.09928536 1.282371e-03 0.07585930 0.3773615    0.002302743  1859 1.0009907 1.0037475
  84 0.05729130 0.08259948 6.402065e-06 0.03283015 0.2737215    0.002712923   927 1.0020836 1.0042415
  85 0.05395364 0.07195255 7.931422e-06 0.03139430 0.2591216    0.002548690   797 1.0105194 1.0152085
  86 0.08723324 0.07806532 8.421869e-04 0.06932720 0.2974612    0.001798053  1885 1.0002672 1.0009185
Parameter  t1m 
    Statistic
ID        Mean        SD        2.5%       50%     97.5% Time-series SE n.eff      Rhat     R_95%
  1  0.3043830 0.1495465 0.056834058 0.2922755 0.6257726    0.003343961  2000 0.9995206 1.0000136
  2  0.3034784 0.1520384 0.051119810 0.2883460 0.6311136    0.003453634  1938 1.0004699 1.0034295
  3  0.7216475 0.1569551 0.395361200 0.7313915 0.9755513    0.003441468  2080 1.0002543 1.0024356
  4  0.3249477 0.2222376 0.014824853 0.2899370 0.8246375    0.005751586  1493 1.0005471 1.0032447
  5  0.3420551 0.1633231 0.077097455 0.3237855 0.6983827    0.003652015  2000 0.9997651 1.0003871
  6  0.2326713 0.1605762 0.010632267 0.2059095 0.6049300    0.003652291  1933 1.0011755 1.0046007
  7  0.4947843 0.1776490 0.169067550 0.4925585 0.8530886    0.004116926  1862 1.0047172 1.0159671
  8  0.4633142 0.2127471 0.099314850 0.4468850 0.8880781    0.004973226  1830 1.0002541 1.0015482
  9  0.5211709 0.1773089 0.189036175 0.5209535 0.8562288    0.004029747  1936 0.9999520 1.0015771
  10 0.5527981 0.1746147 0.230025100 0.5518655 0.8804067    0.004067412  1843 1.0007042 1.0033639
  11 0.2413387 0.1784864 0.010233878 0.2035605 0.6657157    0.004539420  1546 1.0000208 1.0011111
  12 0.4900003 0.1816843 0.159163225 0.4771670 0.8509215    0.004063600  1999 1.0023727 1.0094195
  13 0.2444246 0.1803253 0.008435880 0.2105265 0.6788912    0.004315533  1746 1.0095259 1.0297587
  14 0.5896686 0.1987725 0.216068125 0.5926045 0.9483362    0.004672154  1810 1.0014253 1.0052927
  15 0.3789882 0.1846640 0.069351917 0.3608220 0.7732760    0.004129214  2000 1.0002455 1.0022637
  16 0.3963017 0.1524082 0.128355725 0.3886185 0.7057556    0.003642213  1751 1.0020987 1.0083901
  17 0.5693784 0.1694857 0.248986775 0.5659755 0.8814728    0.003831225  1957 1.0005389 1.0029906
  18 0.2326364 0.1536990 0.015205160 0.2082460 0.5893728    0.003496772  1932 1.0010675 1.0042781
  19 0.4598913 0.2113593 0.097660860 0.4492345 0.8852447    0.004888962  1869 0.9994817 1.0003171
  20 0.3735822 0.1851844 0.077180415 0.3518160 0.7732717    0.004503318  1691 1.0006711 1.0035732
  21 0.6041242 0.1961569 0.229210975 0.6106115 0.9410866    0.004463880  1931 1.0012079 1.0055390
  22 0.5596489 0.1704632 0.236800275 0.5568365 0.8854512    0.003956777  1856 0.9993923 0.9999222
  23 0.2171661 0.1465860 0.013967923 0.1915325 0.5525760    0.003403458  1855 1.0022158 1.0074025
  24 0.4919193 0.1815051 0.161058275 0.4830910 0.8446435    0.004540465  1598 1.0007824 1.0025779
  25 0.2853312 0.2127278 0.009465023 0.2460660 0.7952274    0.005229081  1655 1.0017873 1.0055382
  26 0.2022161 0.1354516 0.012967898 0.1803880 0.5179873    0.003028789  2000 1.0010934 1.0046452
  27 0.1833395 0.1274717 0.009953913 0.1640145 0.4875650    0.002875626  1965 1.0007574 1.0017745
  28 0.3893400 0.1856832 0.077845268 0.3734460 0.7777026    0.004283604  1879 1.0012003 1.0055019
  29 0.7305099 0.1560605 0.392879800 0.7520465 0.9759142    0.003553258  1929 1.0004619 1.0018095
  30 0.2628304 0.1827492 0.015261542 0.2314755 0.7057334    0.004692050  1517 1.0006834 1.0036699
  31 0.2397909 0.1763953 0.008184143 0.2040860 0.6504245    0.004324246  1664 0.9996117 1.0001002
  32 0.6613375 0.1507131 0.349115400 0.6722660 0.9221588    0.003458506  1899 1.0004164 1.0030761
  33 0.2214951 0.1488427 0.016093168 0.1965395 0.5715144    0.003550927  1757 1.0028819 1.0102423
  34 0.3399480 0.1666839 0.070903470 0.3265895 0.7060038    0.003731834  1995 1.0043373 1.0125856
  35 0.3882931 0.1565330 0.123676375 0.3788010 0.7239872    0.003561249  1932 1.0003326 1.0028639
  36 0.2844678 0.2204169 0.008106425 0.2349235 0.8195926    0.005282572  1741 1.0019758 1.0077148
  37 0.2647005 0.1342825 0.050460555 0.2523465 0.5514136    0.002937286  2090 0.9999014 1.0015339
  38 0.2740774 0.1365587 0.053756597 0.2618065 0.5656398    0.002995688  2078 0.9998249 1.0014239
  39 0.2970130 0.1450867 0.061718145 0.2872575 0.6049395    0.003673376  1560 1.0009396 1.0044343
  40 0.2482271 0.1648877 0.016558180 0.2240220 0.6210467    0.003554406  2152 1.0000441 1.0014842
  41 0.3316741 0.1617012 0.057844155 0.3169370 0.6684312    0.003691269  1919 0.9996733 1.0001067
  42 0.2262982 0.1533572 0.014951595 0.2030590 0.5836644    0.003352921  2092 1.0010440 1.0043530
  43 0.2881173 0.1450755 0.059765345 0.2720450 0.6033543    0.003617854  1608 1.0015884 1.0038931
  44 0.3431123 0.1648100 0.068805080 0.3296045 0.6822148    0.003807140  1874 1.0005421 1.0036614
  45 0.2144044 0.1515181 0.012954720 0.1877680 0.5828848    0.003447156  1932 0.9997702 1.0009358
  46 0.4063850 0.1857518 0.081502428 0.4005875 0.7968679    0.004153536  2000 0.9998719 1.0013627
  47 0.4061630 0.1875157 0.091512050 0.3945660 0.7928070    0.004079322  2113 1.0014470 1.0041781
  48 0.2346120 0.1641876 0.010784067 0.2116635 0.6130246    0.003671347  2000 0.9992546 0.9996036
  49 0.2293737 0.1445940 0.013863880 0.2097995 0.5600803    0.003210031  2029 1.0002503 1.0019960
  50 0.3270592 0.1554651 0.071560957 0.3125755 0.6670423    0.003646163  1818 1.0009825 1.0040237
  51 0.2000966 0.1315420 0.011548670 0.1778670 0.4996007    0.002973508  1957 1.0005118 1.0031301
  52 0.2940378 0.2226675 0.009168864 0.2471340 0.8097525    0.005558010  1605 1.0027037 1.0099034
  53 0.3997757 0.1765571 0.093128435 0.3917935 0.7615691    0.003910958  2038 0.9997817 1.0011328
  54 0.3088683 0.2220853 0.012971690 0.2688570 0.8271662    0.005596024  1575 1.0006202 1.0037404
  55 0.4333739 0.1667304 0.132640350 0.4238915 0.7774488    0.003787371  1938 1.0019271 1.0062924
  56 0.2110004 0.1442820 0.009870648 0.1849820 0.5451092    0.003137307  2115 1.0004307 1.0013366
  57 0.2307297 0.1581603 0.010062560 0.2066170 0.5896722    0.003602937  1927 1.0021566 1.0078478
  58 0.3453859 0.1708529 0.076843660 0.3281285 0.7081149    0.003640115  2203 1.0004697 1.0032849
  59 0.2624500 0.1857099 0.013282165 0.2245000 0.7083708    0.004152599  2000 1.0002316 1.0026229
  60 0.4045088 0.1921756 0.072504260 0.3897060 0.7917903    0.004340805  1960 1.0001330 1.0022570
  61 0.3644278 0.1675865 0.071171310 0.3551860 0.7147858    0.003747348  2000 0.9998043 1.0011610
  62 0.3274567 0.1551951 0.070369747 0.3147085 0.6540859    0.003532639  1930 1.0010914 1.0046358
  63 0.2064637 0.1431177 0.012532863 0.1830035 0.5542766    0.003303400  1877 1.0000454 1.0015273
  64 0.6627519 0.1611737 0.327975700 0.6782125 0.9320216    0.003665879  1933 1.0002308 1.0027465
  65 0.4255848 0.1646616 0.132398700 0.4170985 0.7653293    0.003782578  1895 1.0004114 1.0029021
  66 0.1982165 0.1339667 0.010620533 0.1784995 0.5076794    0.003128218  1834 1.0015481 1.0062762
  67 0.2152443 0.1571686 0.008986806 0.1884860 0.5846677    0.003765664  1742 0.9995417 1.0003770
  68 0.2162852 0.1557205 0.008938330 0.1855350 0.5861230    0.003764617  1711 1.0027179 1.0080495
  69 0.4726368 0.1800560 0.146709725 0.4632675 0.8303576    0.004026175  2000 1.0002851 1.0013675
  70 0.1961807 0.1392427 0.010113283 0.1720060 0.5197613    0.003165425  1935 1.0007686 1.0011757
  71 0.4278905 0.1653334 0.128260750 0.4167960 0.7617365    0.003696968  2000 1.0005162 1.0035909
  72 0.5017954 0.1612492 0.188448900 0.5027920 0.8125834    0.003557931  2054 0.9998759 1.0016484
  73 0.3911168 0.1888640 0.083906652 0.3706980 0.7917077    0.004472738  1783 0.9993649 0.9996791
  74 0.2833000 0.2205322 0.007670416 0.2332880 0.8079661    0.005247793  1766 1.0046864 1.0139028
  75 0.4629250 0.2147793 0.092271780 0.4499770 0.9033137    0.005453641  1551 1.0015243 1.0064141
  76 0.2040234 0.1414196 0.011556560 0.1800105 0.5340920    0.003162238  2000 1.0013935 1.0059294
  77 0.5413485 0.2033054 0.169686300 0.5408335 0.9302987    0.004546047  2000 0.9999741 1.0016621
  78 0.3183761 0.1547296 0.066869798 0.3074170 0.6551813    0.003524783  1927 1.0013016 1.0056547
  79 0.3561203 0.1689815 0.073438355 0.3402715 0.7200469    0.003778540  2000 1.0013025 1.0058920
  80 0.4918747 0.1847461 0.161855675 0.4801755 0.8554616    0.004107498  2023 1.0023964 1.0090326
  81 0.4288215 0.1570540 0.145617850 0.4240450 0.7417931    0.003224716  2372 1.0046795 1.0144264
  82 0.2036841 0.1419066 0.011537465 0.1773850 0.5327632    0.003126576  2060 0.9996180 1.0006045
  83 0.6870166 0.1665708 0.350021300 0.6964355 0.9614155    0.003917415  1808 1.0021375 1.0074700
  84 0.2834305 0.2201535 0.009834396 0.2336010 0.7985978    0.005540316  1579 1.0034493 1.0109458
  85 0.2919365 0.2214071 0.007447405 0.2495395 0.8215579    0.005320073  1732 1.0001344 1.0013401
  86 0.5690095 0.1697271 0.247472075 0.5708610 0.8859539    0.003928068  1867 0.9993588 0.9994897


#################################
#### Transformed Parameters (Group level)
              Mean         SD       2.5%        50%      97.5% Time-series SE n.eff     Rhat    R_95%
deltal  -0.2703405 0.03572063 -0.3414894 -0.2704850 -0.1987736   0.0007845478  2073 1.001289 1.005827
deltat1  0.2820869 0.05826070  0.1679106  0.2835785  0.3946784   0.0015717460  1374 1.002209 1.008912


#################################
#### Model information
$model
[1] "traitMPT"

$thetaNames
  Parameter theta
1        le     1
2        lm     2
3       t1e     3
4       t1m     4

$thetaUnique
[1] "le"  "lm"  "t1e" "t1m"

$thetaFixed
NULL

$MPT
  Tree Category                      Equation            Eqn
1  T_E       E1     (1-theta[1,n])*theta[3,n]     (1-le)*t1e
2  T_E       E2 (1-theta[1,n])*(1-theta[3,n]) (1-le)*(1-t1e)
3  T_E       EL                    theta[1,n]             le
4  T_M       M1     (1-theta[2,n])*theta[4,n]     (1-lm)*t1m
5  T_M       M2 (1-theta[2,n])*(1-theta[4,n]) (1-lm)*(1-t1m)
6  T_M       ML                    theta[2,n]             lm

$eqnfile
[1] "cat_linear_rank.eqn"

$data
   E1 E2 EL M1 M2 ML
1   0  4  2  1  4  1
2   0  0  6  1  3  2
3   0  2  4  5  0  1
4   0  2  4  0  0  6
5   0  1  5  1  2  3
6   0  1  5  0  2  4
7   0  2  4  2  1  3
8   0  2  4  1  0  5
9   1  2  3  2  1  3
10  0  0  6  3  1  2
11  0  0  6  0  1  5
12  0  1  5  2  1  3
13  0  0  6  0  1  5
14  1  1  4  2  0  4
15  0  0  6  1  1  4
16  1  2  3  2  4  0
17  0  2  4  3  1  2
18  0  2  4  0  2  4
19  0  2  4  1  0  5
20  0  0  6  1  1  4
21  1  3  2  2  0  4
22  0  2  4  3  1  2
23  0  1  5  0  3  3
24  0  2  4  2  1  3
25  0  0  6  0  0  6
26  0  2  4  0  4  2
27  0  2  4  0  5  1
28  0  1  5  1  1  4
29  0  2  4  5  0  1
30  0  1  5  0  1  5
31  0  0  6  0  1  5
32  0  1  5  5  1  0
33  0  2  4  0  3  3
34  0  1  5  1  2  3
35  0  0  6  2  3  1
36  0  0  6  0  0  6
37  0  0  6  1  5  0
38  0  2  4  1  5  0
39  0  3  3  1  4  1
40  0  3  3  0  2  4
41  0  0  6  1  2  3
42  0  3  3  0  3  3
43  0  1  5  1  4  1
44  0  1  5  1  2  3
45  0  0  6  0  2  4
46  0  3  3  1  1  4
47  0  2  4  1  1  4
48  0  1  5  0  2  4
49  1  1  4  0  4  2
50  0  3  3  1  3  2
51  0  2  4  0  4  2
52  0  0  6  0  0  6
53  1  4  1  1  2  3
54  0  1  5  0  0  6
55  0  0  6  2  2  2
56  0  1  5  0  3  3
57  0  1  5  0  2  4
58  0  1  5  1  2  3
59  0  1  5  0  1  5
60  0  3  3  1  1  4
61  0  3  3  1  2  3
62  0  3  3  1  3  2
63  0  1  5  0  3  3
64  2  0  4  4  1  1
65  0  0  6  2  2  2
66  0  3  3  0  5  1
67  0  0  6  0  2  4
68  0  0  6  0  2  4
69  0  0  6  2  1  3
70  0  0  6  0  3  3
71  0  0  6  2  2  2
72  0  1  5  3  2  1
73  0  2  4  1  1  4
74  0  0  6  0  0  6
75  0  2  4  1  0  5
76  0  0  6  0  3  3
77  0  0  6  2  0  4
78  0  2  4  1  3  2
79  0  2  4  1  2  3
80  0  1  5  2  1  3
81  1  1  4  2  3  1
82  0  0  6  0  3  3
83  0  1  5  4  0  2
84  0  0  6  0  0  6
85  0  0  6  0  0  6
86  0  2  4  3  1  2

$restrictions
NULL

$covData
NULL

$corProbit
[1] TRUE

$predTable
NULL

$predFactorLevels
NULL

$predType
NULL

$transformedParameters
[1] "deltal"  "deltat1"

$hyperprior
$hyperprior$mu
          le           lm          t1e          t1m 
"dnorm(0,1)" "dnorm(0,1)" "dnorm(0,1)" "dnorm(0,1)" 

$hyperprior$xi
[1] "dunif(0,10)"

$hyperprior$V
     [,1] [,2] [,3] [,4]
[1,]    1    0    0    0
[2,]    0    1    0    0
[3,]    0    0    1    0
[4,]    0    0    0    1

$hyperprior$df
[1] 5

$hyperprior$IVprec
[1] "dgamma(.5,.5)"


